1, 1, 1, 1 
1, 1, 1, 2 
1, 1, 1, 3 
1, 1, 1, 4 
1, 1, 1, 5 
1, 1, 2, 1 
1, 1, 2, 2 
1, 1, 2, 3 
1, 1, 2, 4 
1, 1, 2, 5 
1, 1, 3, 1 
1, 1, 3, 2 
1, 1, 3, 3 
1, 1, 3, 4 
1, 1, 3, 5 
1, 1, 4, 1 
1, 1, 4, 2 
1, 1, 4, 3 
1, 1, 4, 4 
1, 1, 4, 5 
1, 1, 5, 1 
1, 1, 5, 2 
1, 1, 5, 3 
1, 1, 5, 4 
1, 1, 5, 5 
1, 1, 6, 1 
1, 1, 6, 2 
1, 1, 6, 3 
1, 1, 6, 4 
1, 1, 6, 5 
1, 1, 7, 1 
1, 1, 7, 2 
1, 1, 7, 3 
1, 1, 7, 4 
1, 1, 7, 5 
1, 1, 8, 1 
1, 1, 8, 2 
1, 1, 8, 3 
1, 1, 8, 4 
1, 1, 8, 5 
1, 1, 9, 1 
1, 1, 9, 2 
1, 1, 9, 3 
1, 1, 9, 4 
1, 1, 9, 5 
1, 1, 10, 1 
1, 1, 10, 2 
1, 1, 10, 3 
1, 1, 10, 4 
1, 1, 10, 5 
1, 1, 11, 1 
1, 1, 11, 2 
1, 1, 11, 3 
1, 1, 11, 4 
1, 1, 11, 5 
1, 1, 12, 1 
1, 1, 12, 2 
1, 1, 12, 3 
1, 1, 12, 4 
1, 1, 12, 5 
1, 1, 13, 1 
1, 1, 13, 2 
1, 1, 13, 3 
1, 1, 13, 4 
1, 1, 13, 5 
1, 1, 14, 1 
1, 1, 14, 2 
1, 1, 14, 3 
1, 1, 14, 4 
1, 1, 14, 5 
1, 1, 15, 1 
1, 1, 15, 2 
1, 1, 15, 3 
1, 1, 15, 4 
1, 1, 15, 5 
1, 1, 16, 1 
1, 1, 16, 2 
1, 1, 16, 3 
1, 1, 16, 4 
1, 1, 16, 5 
1, 1, 17, 1 
1, 1, 17, 2 
1, 1, 17, 3 
1, 1, 17, 4 
1, 1, 17, 5 
1, 1, 18, 1 
1, 1, 18, 2 
1, 1, 18, 3 
1, 1, 18, 4 
1, 1, 18, 5 
1, 1, 19, 1 
1, 1, 19, 2 
1, 1, 19, 3 
1, 1, 19, 4 
1, 1, 19, 5 
1, 1, 20, 1 
1, 1, 20, 2 
1, 1, 20, 3 
1, 1, 20, 4 
1, 1, 20, 5 
1, 1, 21, 1 
1, 1, 21, 2 
1, 1, 21, 3 
1, 1, 21, 4 
1, 1, 21, 5 
1, 1, 22, 1 
1, 1, 22, 2 
1, 1, 22, 3 
1, 1, 22, 4 
1, 1, 22, 5 
1, 1, 23, 1 
1, 1, 23, 2 
1, 1, 23, 3 
1, 1, 23, 4 
1, 1, 23, 5 
1, 1, 24, 1 
1, 1, 24, 2 
1, 1, 24, 3 
1, 1, 24, 4 
1, 1, 24, 5 
1, 1, 25, 1 
1, 1, 25, 2 
1, 1, 25, 3 
1, 1, 25, 4 
1, 1, 25, 5 
1, 1, 26, 1 
1, 1, 26, 2 
1, 1, 26, 3 
1, 1, 26, 4 
1, 1, 26, 5 
1, 1, 27, 1 
1, 1, 27, 2 
1, 1, 27, 3 
1, 1, 27, 4 
1, 1, 27, 5 
1, 1, 28, 1 
1, 1, 28, 2 
1, 1, 28, 3 
1, 1, 28, 4 
1, 1, 28, 5 
1, 1, 29, 1 
1, 1, 29, 2 
1, 1, 29, 3 
1, 1, 29, 4 
1, 1, 29, 5 
1, 1, 30, 1 
1, 1, 30, 2 
1, 1, 30, 3 
1, 1, 30, 4 
1, 1, 30, 5 
1, 1, 31, 1 
1, 1, 31, 2 
1, 1, 31, 3 
1, 1, 31, 4 
1, 1, 31, 5 
1, 1, 32, 1 
1, 1, 32, 2 
1, 1, 32, 3 
1, 1, 32, 4 
1, 1, 32, 5 
1, 1, 33, 1 
1, 1, 33, 2 
1, 1, 33, 3 
1, 1, 33, 4 
1, 1, 33, 5 
1, 1, 34, 1 
1, 1, 34, 2 
1, 1, 34, 3 
1, 1, 34, 4 
1, 1, 34, 5 
1, 1, 35, 1 
1, 1, 35, 2 
1, 1, 35, 3 
1, 1, 35, 4 
1, 1, 35, 5 
1, 1, 36, 1 
1, 1, 36, 2 
1, 1, 36, 3 
1, 1, 36, 4 
1, 1, 36, 5 
1, 1, 37, 1 
1, 1, 37, 2 
1, 1, 37, 3 
1, 1, 37, 4 
1, 1, 37, 5 
1, 1, 38, 1 
1, 1, 38, 2 
1, 1, 38, 3 
1, 1, 38, 4 
1, 1, 38, 5 
1, 1, 39, 1 
1, 1, 39, 2 
1, 1, 39, 3 
1, 1, 39, 4 
1, 1, 39, 5 
1, 1, 40, 1 
1, 1, 40, 2 
1, 1, 40, 3 
1, 1, 40, 4 
1, 1, 40, 5 
1, 1, 41, 1 
1, 1, 41, 2 
1, 1, 41, 3 
1, 1, 41, 4 
1, 1, 41, 5 
1, 1, 42, 1 
1, 1, 42, 2 
1, 1, 42, 3 
1, 1, 42, 4 
1, 1, 42, 5 
1, 1, 43, 1 
1, 1, 43, 2 
1, 1, 43, 3 
1, 1, 43, 4 
1, 1, 43, 5 
1, 1, 44, 1 
1, 1, 44, 2 
1, 1, 44, 3 
1, 1, 44, 4 
1, 1, 44, 5 
1, 1, 45, 1 
1, 1, 45, 2 
1, 1, 45, 3 
1, 1, 45, 4 
1, 1, 45, 5 
1, 1, 46, 1 
1, 1, 46, 2 
1, 1, 46, 3 
1, 1, 46, 4 
1, 1, 46, 5 
1, 1, 47, 1 
1, 1, 47, 2 
1, 1, 47, 3 
1, 1, 47, 4 
1, 1, 47, 5 
1, 1, 48, 1 
1, 1, 48, 2 
1, 1, 48, 3 
1, 1, 48, 4 
1, 1, 48, 5 
1, 1, 49, 1 
1, 1, 49, 2 
1, 1, 49, 3 
1, 1, 49, 4 
1, 1, 49, 5 
1, 1, 50, 1 
1, 1, 50, 2 
1, 1, 50, 3 
1, 1, 50, 4 
1, 1, 50, 5 
1, 2, 1, 1 
1, 2, 1, 2 
1, 2, 1, 3 
1, 2, 1, 4 
1, 2, 1, 5 
1, 2, 2, 1 
1, 2, 2, 2 
1, 2, 2, 3 
1, 2, 2, 4 
1, 2, 2, 5 
1, 2, 3, 1 
1, 2, 3, 2 
1, 2, 3, 3 
1, 2, 3, 4 
1, 2, 3, 5 
1, 2, 4, 1 
1, 2, 4, 2 
1, 2, 4, 3 
1, 2, 4, 4 
1, 2, 4, 5 
1, 2, 5, 1 
1, 2, 5, 2 
1, 2, 5, 3 
1, 2, 5, 4 
1, 2, 5, 5 
1, 2, 6, 1 
1, 2, 6, 2 
1, 2, 6, 3 
1, 2, 6, 4 
1, 2, 6, 5 
1, 2, 7, 1 
1, 2, 7, 2 
1, 2, 7, 3 
1, 2, 7, 4 
1, 2, 7, 5 
1, 2, 8, 1 
1, 2, 8, 2 
1, 2, 8, 3 
1, 2, 8, 4 
1, 2, 8, 5 
1, 2, 9, 1 
1, 2, 9, 2 
1, 2, 9, 3 
1, 2, 9, 4 
1, 2, 9, 5 
1, 2, 10, 1 
1, 2, 10, 2 
1, 2, 10, 3 
1, 2, 10, 4 
1, 2, 10, 5 
1, 2, 11, 1 
1, 2, 11, 2 
1, 2, 11, 3 
1, 2, 11, 4 
1, 2, 11, 5 
1, 2, 12, 1 
1, 2, 12, 2 
1, 2, 12, 3 
1, 2, 12, 4 
1, 2, 12, 5 
1, 2, 13, 1 
1, 2, 13, 2 
1, 2, 13, 3 
1, 2, 13, 4 
1, 2, 13, 5 
1, 2, 14, 1 
1, 2, 14, 2 
1, 2, 14, 3 
1, 2, 14, 4 
1, 2, 14, 5 
1, 2, 15, 1 
1, 2, 15, 2 
1, 2, 15, 3 
1, 2, 15, 4 
1, 2, 15, 5 
1, 2, 16, 1 
1, 2, 16, 2 
1, 2, 16, 3 
1, 2, 16, 4 
1, 2, 16, 5 
1, 2, 17, 1 
1, 2, 17, 2 
1, 2, 17, 3 
1, 2, 17, 4 
1, 2, 17, 5 
1, 2, 18, 1 
1, 2, 18, 2 
1, 2, 18, 3 
1, 2, 18, 4 
1, 2, 18, 5 
1, 2, 19, 1 
1, 2, 19, 2 
1, 2, 19, 3 
1, 2, 19, 4 
1, 2, 19, 5 
1, 2, 20, 1 
1, 2, 20, 2 
1, 2, 20, 3 
1, 2, 20, 4 
1, 2, 20, 5 
1, 2, 21, 1 
1, 2, 21, 2 
1, 2, 21, 3 
1, 2, 21, 4 
1, 2, 21, 5 
1, 2, 22, 1 
1, 2, 22, 2 
1, 2, 22, 3 
1, 2, 22, 4 
1, 2, 22, 5 
1, 2, 23, 1 
1, 2, 23, 2 
1, 2, 23, 3 
1, 2, 23, 4 
1, 2, 23, 5 
1, 2, 24, 1 
1, 2, 24, 2 
1, 2, 24, 3 
1, 2, 24, 4 
1, 2, 24, 5 
1, 2, 25, 1 
1, 2, 25, 2 
1, 2, 25, 3 
1, 2, 25, 4 
1, 2, 25, 5 
1, 2, 26, 1 
1, 2, 26, 2 
1, 2, 26, 3 
1, 2, 26, 4 
1, 2, 26, 5 
1, 2, 27, 1 
1, 2, 27, 2 
1, 2, 27, 3 
1, 2, 27, 4 
1, 2, 27, 5 
1, 2, 28, 1 
1, 2, 28, 2 
1, 2, 28, 3 
1, 2, 28, 4 
1, 2, 28, 5 
1, 2, 29, 1 
1, 2, 29, 2 
1, 2, 29, 3 
1, 2, 29, 4 
1, 2, 29, 5 
1, 2, 30, 1 
1, 2, 30, 2 
1, 2, 30, 3 
1, 2, 30, 4 
1, 2, 30, 5 
1, 2, 31, 1 
1, 2, 31, 2 
1, 2, 31, 3 
1, 2, 31, 4 
1, 2, 31, 5 
1, 2, 32, 1 
1, 2, 32, 2 
1, 2, 32, 3 
1, 2, 32, 4 
1, 2, 32, 5 
1, 2, 33, 1 
1, 2, 33, 2 
1, 2, 33, 3 
1, 2, 33, 4 
1, 2, 33, 5 
1, 2, 34, 1 
1, 2, 34, 2 
1, 2, 34, 3 
1, 2, 34, 4 
1, 2, 34, 5 
1, 2, 35, 1 
1, 2, 35, 2 
1, 2, 35, 3 
1, 2, 35, 4 
1, 2, 35, 5 
1, 2, 36, 1 
1, 2, 36, 2 
1, 2, 36, 3 
1, 2, 36, 4 
1, 2, 36, 5 
1, 2, 37, 1 
1, 2, 37, 2 
1, 2, 37, 3 
1, 2, 37, 4 
1, 2, 37, 5 
1, 2, 38, 1 
1, 2, 38, 2 
1, 2, 38, 3 
1, 2, 38, 4 
1, 2, 38, 5 
1, 2, 39, 1 
1, 2, 39, 2 
1, 2, 39, 3 
1, 2, 39, 4 
1, 2, 39, 5 
1, 2, 40, 1 
1, 2, 40, 2 
1, 2, 40, 3 
1, 2, 40, 4 
1, 2, 40, 5 
1, 2, 41, 1 
1, 2, 41, 2 
1, 2, 41, 3 
1, 2, 41, 4 
1, 2, 41, 5 
1, 2, 42, 1 
1, 2, 42, 2 
1, 2, 42, 3 
1, 2, 42, 4 
1, 2, 42, 5 
1, 2, 43, 1 
1, 2, 43, 2 
1, 2, 43, 3 
1, 2, 43, 4 
1, 2, 43, 5 
1, 2, 44, 1 
1, 2, 44, 2 
1, 2, 44, 3 
1, 2, 44, 4 
1, 2, 44, 5 
1, 2, 45, 1 
1, 2, 45, 2 
1, 2, 45, 3 
1, 2, 45, 4 
1, 2, 45, 5 
1, 2, 46, 1 
1, 2, 46, 2 
1, 2, 46, 3 
1, 2, 46, 4 
1, 2, 46, 5 
1, 2, 47, 1 
1, 2, 47, 2 
1, 2, 47, 3 
1, 2, 47, 4 
1, 2, 47, 5 
1, 2, 48, 1 
1, 2, 48, 2 
1, 2, 48, 3 
1, 2, 48, 4 
1, 2, 48, 5 
1, 2, 49, 1 
1, 2, 49, 2 
1, 2, 49, 3 
1, 2, 49, 4 
1, 2, 49, 5 
1, 2, 50, 1 
1, 2, 50, 2 
1, 2, 50, 3 
1, 2, 50, 4 
1, 2, 50, 5 
1, 3, 1, 1 
1, 3, 1, 2 
1, 3, 1, 3 
1, 3, 1, 4 
1, 3, 1, 5 
1, 3, 2, 1 
1, 3, 2, 2 
1, 3, 2, 3 
1, 3, 2, 4 
1, 3, 2, 5 
1, 3, 3, 1 
1, 3, 3, 2 
1, 3, 3, 3 
1, 3, 3, 4 
1, 3, 3, 5 
1, 3, 4, 1 
1, 3, 4, 2 
1, 3, 4, 3 
1, 3, 4, 4 
1, 3, 4, 5 
1, 3, 5, 1 
1, 3, 5, 2 
1, 3, 5, 3 
1, 3, 5, 4 
1, 3, 5, 5 
1, 3, 6, 1 
1, 3, 6, 2 
1, 3, 6, 3 
1, 3, 6, 4 
1, 3, 6, 5 
1, 3, 7, 1 
1, 3, 7, 2 
1, 3, 7, 3 
1, 3, 7, 4 
1, 3, 7, 5 
1, 3, 8, 1 
1, 3, 8, 2 
1, 3, 8, 3 
1, 3, 8, 4 
1, 3, 8, 5 
1, 3, 9, 1 
1, 3, 9, 2 
1, 3, 9, 3 
1, 3, 9, 4 
1, 3, 9, 5 
1, 3, 10, 1 
1, 3, 10, 2 
1, 3, 10, 3 
1, 3, 10, 4 
1, 3, 10, 5 
1, 3, 11, 1 
1, 3, 11, 2 
1, 3, 11, 3 
1, 3, 11, 4 
1, 3, 11, 5 
1, 3, 12, 1 
1, 3, 12, 2 
1, 3, 12, 3 
1, 3, 12, 4 
1, 3, 12, 5 
1, 3, 13, 1 
1, 3, 13, 2 
1, 3, 13, 3 
1, 3, 13, 4 
1, 3, 13, 5 
1, 3, 14, 1 
1, 3, 14, 2 
1, 3, 14, 3 
1, 3, 14, 4 
1, 3, 14, 5 
1, 3, 15, 1 
1, 3, 15, 2 
1, 3, 15, 3 
1, 3, 15, 4 
1, 3, 15, 5 
1, 3, 16, 1 
1, 3, 16, 2 
1, 3, 16, 3 
1, 3, 16, 4 
1, 3, 16, 5 
1, 3, 17, 1 
1, 3, 17, 2 
1, 3, 17, 3 
1, 3, 17, 4 
1, 3, 17, 5 
1, 3, 18, 1 
1, 3, 18, 2 
1, 3, 18, 3 
1, 3, 18, 4 
1, 3, 18, 5 
1, 3, 19, 1 
1, 3, 19, 2 
1, 3, 19, 3 
1, 3, 19, 4 
1, 3, 19, 5 
1, 3, 20, 1 
1, 3, 20, 2 
1, 3, 20, 3 
1, 3, 20, 4 
1, 3, 20, 5 
1, 3, 21, 1 
1, 3, 21, 2 
1, 3, 21, 3 
1, 3, 21, 4 
1, 3, 21, 5 
1, 3, 22, 1 
1, 3, 22, 2 
1, 3, 22, 3 
1, 3, 22, 4 
1, 3, 22, 5 
1, 3, 23, 1 
1, 3, 23, 2 
1, 3, 23, 3 
1, 3, 23, 4 
1, 3, 23, 5 
1, 3, 24, 1 
1, 3, 24, 2 
1, 3, 24, 3 
1, 3, 24, 4 
1, 3, 24, 5 
1, 3, 25, 1 
1, 3, 25, 2 
1, 3, 25, 3 
1, 3, 25, 4 
1, 3, 25, 5 
1, 3, 26, 1 
1, 3, 26, 2 
1, 3, 26, 3 
1, 3, 26, 4 
1, 3, 26, 5 
1, 3, 27, 1 
1, 3, 27, 2 
1, 3, 27, 3 
1, 3, 27, 4 
1, 3, 27, 5 
1, 3, 28, 1 
1, 3, 28, 2 
1, 3, 28, 3 
1, 3, 28, 4 
1, 3, 28, 5 
1, 3, 29, 1 
1, 3, 29, 2 
1, 3, 29, 3 
1, 3, 29, 4 
1, 3, 29, 5 
1, 3, 30, 1 
1, 3, 30, 2 
1, 3, 30, 3 
1, 3, 30, 4 
1, 3, 30, 5 
1, 3, 31, 1 
1, 3, 31, 2 
1, 3, 31, 3 
1, 3, 31, 4 
1, 3, 31, 5 
1, 3, 32, 1 
1, 3, 32, 2 
1, 3, 32, 3 
1, 3, 32, 4 
1, 3, 32, 5 
1, 3, 33, 1 
1, 3, 33, 2 
1, 3, 33, 3 
1, 3, 33, 4 
1, 3, 33, 5 
1, 3, 34, 1 
1, 3, 34, 2 
1, 3, 34, 3 
1, 3, 34, 4 
1, 3, 34, 5 
1, 3, 35, 1 
1, 3, 35, 2 
1, 3, 35, 3 
1, 3, 35, 4 
1, 3, 35, 5 
1, 3, 36, 1 
1, 3, 36, 2 
1, 3, 36, 3 
1, 3, 36, 4 
1, 3, 36, 5 
1, 3, 37, 1 
1, 3, 37, 2 
1, 3, 37, 3 
1, 3, 37, 4 
1, 3, 37, 5 
1, 3, 38, 1 
1, 3, 38, 2 
1, 3, 38, 3 
1, 3, 38, 4 
1, 3, 38, 5 
1, 3, 39, 1 
1, 3, 39, 2 
1, 3, 39, 3 
1, 3, 39, 4 
1, 3, 39, 5 
1, 3, 40, 1 
1, 3, 40, 2 
1, 3, 40, 3 
1, 3, 40, 4 
1, 3, 40, 5 
1, 3, 41, 1 
1, 3, 41, 2 
1, 3, 41, 3 
1, 3, 41, 4 
1, 3, 41, 5 
1, 3, 42, 1 
1, 3, 42, 2 
1, 3, 42, 3 
1, 3, 42, 4 
1, 3, 42, 5 
1, 3, 43, 1 
1, 3, 43, 2 
1, 3, 43, 3 
1, 3, 43, 4 
1, 3, 43, 5 
1, 3, 44, 1 
1, 3, 44, 2 
1, 3, 44, 3 
1, 3, 44, 4 
1, 3, 44, 5 
1, 3, 45, 1 
1, 3, 45, 2 
1, 3, 45, 3 
1, 3, 45, 4 
1, 3, 45, 5 
1, 3, 46, 1 
1, 3, 46, 2 
1, 3, 46, 3 
1, 3, 46, 4 
1, 3, 46, 5 
1, 3, 47, 1 
1, 3, 47, 2 
1, 3, 47, 3 
1, 3, 47, 4 
1, 3, 47, 5 
1, 3, 48, 1 
1, 3, 48, 2 
1, 3, 48, 3 
1, 3, 48, 4 
1, 3, 48, 5 
1, 3, 49, 1 
1, 3, 49, 2 
1, 3, 49, 3 
1, 3, 49, 4 
1, 3, 49, 5 
1, 3, 50, 1 
1, 3, 50, 2 
1, 3, 50, 3 
1, 3, 50, 4 
1, 3, 50, 5 
