1, 1, 1, 1 
1, 1, 1, 2 
1, 1, 1, 3 
1, 1, 1, 4 
1, 1, 1, 5 
1, 1, 1, 6 
1, 1, 1, 7 
1, 1, 1, 8 
1, 1, 1, 9 
1, 1, 1, 10 
1, 1, 1, 11 
1, 1, 1, 12 
1, 1, 1, 13 
1, 1, 1, 14 
1, 1, 1, 15 
1, 1, 1, 16 
1, 1, 1, 17 
1, 1, 1, 18 
1, 1, 1, 19 
1, 1, 1, 20 
1, 1, 1, 21 
1, 1, 1, 22 
1, 1, 1, 23 
1, 1, 1, 24 
1, 1, 1, 25 
1, 1, 1, 26 
1, 1, 1, 27 
1, 1, 1, 28 
1, 1, 2, 1 
1, 1, 2, 2 
1, 1, 2, 3 
1, 1, 2, 4 
1, 1, 2, 5 
1, 1, 2, 6 
1, 1, 2, 7 
1, 1, 2, 8 
1, 1, 2, 9 
1, 1, 2, 10 
1, 1, 2, 11 
1, 1, 2, 12 
1, 1, 2, 13 
1, 1, 2, 14 
1, 1, 2, 15 
1, 1, 2, 16 
1, 1, 2, 17 
1, 1, 2, 18 
1, 1, 2, 19 
1, 1, 2, 20 
1, 1, 2, 21 
1, 1, 2, 22 
1, 1, 2, 23 
1, 1, 2, 24 
1, 1, 2, 25 
1, 1, 2, 26 
1, 1, 2, 27 
1, 1, 2, 28 
1, 1, 3, 1 
1, 1, 3, 2 
1, 1, 3, 3 
1, 1, 3, 4 
1, 1, 3, 5 
1, 1, 3, 6 
1, 1, 3, 7 
1, 1, 3, 8 
1, 1, 3, 9 
1, 1, 3, 10 
1, 1, 3, 11 
1, 1, 3, 12 
1, 1, 3, 13 
1, 1, 3, 14 
1, 1, 3, 15 
1, 1, 3, 16 
1, 1, 3, 17 
1, 1, 3, 18 
1, 1, 3, 19 
1, 1, 3, 20 
1, 1, 3, 21 
1, 1, 3, 22 
1, 1, 3, 23 
1, 1, 3, 24 
1, 1, 3, 25 
1, 1, 3, 26 
1, 1, 3, 27 
1, 1, 3, 28 
1, 1, 4, 1 
1, 1, 4, 2 
1, 1, 4, 3 
1, 1, 4, 4 
1, 1, 4, 5 
1, 1, 4, 6 
1, 1, 4, 7 
1, 1, 4, 8 
1, 1, 4, 9 
1, 1, 4, 10 
1, 1, 4, 11 
1, 1, 4, 12 
1, 1, 4, 13 
1, 1, 4, 14 
1, 1, 4, 15 
1, 1, 4, 16 
1, 1, 4, 17 
1, 1, 4, 18 
1, 1, 4, 19 
1, 1, 4, 20 
1, 1, 4, 21 
1, 1, 4, 22 
1, 1, 4, 23 
1, 1, 4, 24 
1, 1, 4, 25 
1, 1, 4, 26 
1, 1, 4, 27 
1, 1, 4, 28 
1, 1, 5, 1 
1, 1, 5, 2 
1, 1, 5, 3 
1, 1, 5, 4 
1, 1, 5, 5 
1, 1, 5, 6 
1, 1, 5, 7 
1, 1, 5, 8 
1, 1, 5, 9 
1, 1, 5, 10 
1, 1, 5, 11 
1, 1, 5, 12 
1, 1, 5, 13 
1, 1, 5, 14 
1, 1, 5, 15 
1, 1, 5, 16 
1, 1, 5, 17 
1, 1, 5, 18 
1, 1, 5, 19 
1, 1, 5, 20 
1, 1, 5, 21 
1, 1, 5, 22 
1, 1, 5, 23 
1, 1, 5, 24 
1, 1, 5, 25 
1, 1, 5, 26 
1, 1, 5, 27 
1, 1, 5, 28 
1, 1, 6, 1 
1, 1, 6, 2 
1, 1, 6, 3 
1, 1, 6, 4 
1, 1, 6, 5 
1, 1, 6, 6 
1, 1, 6, 7 
1, 1, 6, 8 
1, 1, 6, 9 
1, 1, 6, 10 
1, 1, 6, 11 
1, 1, 6, 12 
1, 1, 6, 13 
1, 1, 6, 14 
1, 1, 6, 15 
1, 1, 6, 16 
1, 1, 6, 17 
1, 1, 6, 18 
1, 1, 6, 19 
1, 1, 6, 20 
1, 1, 6, 21 
1, 1, 6, 22 
1, 1, 6, 23 
1, 1, 6, 24 
1, 1, 6, 25 
1, 1, 6, 26 
1, 1, 6, 27 
1, 1, 6, 28 
1, 1, 7, 1 
1, 1, 7, 2 
1, 1, 7, 3 
1, 1, 7, 4 
1, 1, 7, 5 
1, 1, 7, 6 
1, 1, 7, 7 
1, 1, 7, 8 
1, 1, 7, 9 
1, 1, 7, 10 
1, 1, 7, 11 
1, 1, 7, 12 
1, 1, 7, 13 
1, 1, 7, 14 
1, 1, 7, 15 
1, 1, 7, 16 
1, 1, 7, 17 
1, 1, 7, 18 
1, 1, 7, 19 
1, 1, 7, 20 
1, 1, 7, 21 
1, 1, 7, 22 
1, 1, 7, 23 
1, 1, 7, 24 
1, 1, 7, 25 
1, 1, 7, 26 
1, 1, 7, 27 
1, 1, 7, 28 
1, 1, 8, 1 
1, 1, 8, 2 
1, 1, 8, 3 
1, 1, 8, 4 
1, 1, 8, 5 
1, 1, 8, 6 
1, 1, 8, 7 
1, 1, 8, 8 
1, 1, 8, 9 
1, 1, 8, 10 
1, 1, 8, 11 
1, 1, 8, 12 
1, 1, 8, 13 
1, 1, 8, 14 
1, 1, 8, 15 
1, 1, 8, 16 
1, 1, 8, 17 
1, 1, 8, 18 
1, 1, 8, 19 
1, 1, 8, 20 
1, 1, 8, 21 
1, 1, 8, 22 
1, 1, 8, 23 
1, 1, 8, 24 
1, 1, 8, 25 
1, 1, 8, 26 
1, 1, 8, 27 
1, 1, 8, 28 
1, 1, 9, 1 
1, 1, 9, 2 
1, 1, 9, 3 
1, 1, 9, 4 
1, 1, 9, 5 
1, 1, 9, 6 
1, 1, 9, 7 
1, 1, 9, 8 
1, 1, 9, 9 
1, 1, 9, 10 
1, 1, 9, 11 
1, 1, 9, 12 
1, 1, 9, 13 
1, 1, 9, 14 
1, 1, 9, 15 
1, 1, 9, 16 
1, 1, 9, 17 
1, 1, 9, 18 
1, 1, 9, 19 
1, 1, 9, 20 
1, 1, 9, 21 
1, 1, 9, 22 
1, 1, 9, 23 
1, 1, 9, 24 
1, 1, 9, 25 
1, 1, 9, 26 
1, 1, 9, 27 
1, 1, 9, 28 
1, 1, 10, 1 
1, 1, 10, 2 
1, 1, 10, 3 
1, 1, 10, 4 
1, 1, 10, 5 
1, 1, 10, 6 
1, 1, 10, 7 
1, 1, 10, 8 
1, 1, 10, 9 
1, 1, 10, 10 
1, 1, 10, 11 
1, 1, 10, 12 
1, 1, 10, 13 
1, 1, 10, 14 
1, 1, 10, 15 
1, 1, 10, 16 
1, 1, 10, 17 
1, 1, 10, 18 
1, 1, 10, 19 
1, 1, 10, 20 
1, 1, 10, 21 
1, 1, 10, 22 
1, 1, 10, 23 
1, 1, 10, 24 
1, 1, 10, 25 
1, 1, 10, 26 
1, 1, 10, 27 
1, 1, 10, 28 
1, 1, 11, 1 
1, 1, 11, 2 
1, 1, 11, 3 
1, 1, 11, 4 
1, 1, 11, 5 
1, 1, 11, 6 
1, 1, 11, 7 
1, 1, 11, 8 
1, 1, 11, 9 
1, 1, 11, 10 
1, 1, 11, 11 
1, 1, 11, 12 
1, 1, 11, 13 
1, 1, 11, 14 
1, 1, 11, 15 
1, 1, 11, 16 
1, 1, 11, 17 
1, 1, 11, 18 
1, 1, 11, 19 
1, 1, 11, 20 
1, 1, 11, 21 
1, 1, 11, 22 
1, 1, 11, 23 
1, 1, 11, 24 
1, 1, 11, 25 
1, 1, 11, 26 
1, 1, 11, 27 
1, 1, 11, 28 
1, 1, 12, 1 
1, 1, 12, 2 
1, 1, 12, 3 
1, 1, 12, 4 
1, 1, 12, 5 
1, 1, 12, 6 
1, 1, 12, 7 
1, 1, 12, 8 
1, 1, 12, 9 
1, 1, 12, 10 
1, 1, 12, 11 
1, 1, 12, 12 
1, 1, 12, 13 
1, 1, 12, 14 
1, 1, 12, 15 
1, 1, 12, 16 
1, 1, 12, 17 
1, 1, 12, 18 
1, 1, 12, 19 
1, 1, 12, 20 
1, 1, 12, 21 
1, 1, 12, 22 
1, 1, 12, 23 
1, 1, 12, 24 
1, 1, 12, 25 
1, 1, 12, 26 
1, 1, 12, 27 
1, 1, 12, 28 
1, 1, 13, 1 
1, 1, 13, 2 
1, 1, 13, 3 
1, 1, 13, 4 
1, 1, 13, 5 
1, 1, 13, 6 
1, 1, 13, 7 
1, 1, 13, 8 
1, 1, 13, 9 
1, 1, 13, 10 
1, 1, 13, 11 
1, 1, 13, 12 
1, 1, 13, 13 
1, 1, 13, 14 
1, 1, 13, 15 
1, 1, 13, 16 
1, 1, 13, 17 
1, 1, 13, 18 
1, 1, 13, 19 
1, 1, 13, 20 
1, 1, 13, 21 
1, 1, 13, 22 
1, 1, 13, 23 
1, 1, 13, 24 
1, 1, 13, 25 
1, 1, 13, 26 
1, 1, 13, 27 
1, 1, 13, 28 
1, 1, 14, 1 
1, 1, 14, 2 
1, 1, 14, 3 
1, 1, 14, 4 
1, 1, 14, 5 
1, 1, 14, 6 
1, 1, 14, 7 
1, 1, 14, 8 
1, 1, 14, 9 
1, 1, 14, 10 
1, 1, 14, 11 
1, 1, 14, 12 
1, 1, 14, 13 
1, 1, 14, 14 
1, 1, 14, 15 
1, 1, 14, 16 
1, 1, 14, 17 
1, 1, 14, 18 
1, 1, 14, 19 
1, 1, 14, 20 
1, 1, 14, 21 
1, 1, 14, 22 
1, 1, 14, 23 
1, 1, 14, 24 
1, 1, 14, 25 
1, 1, 14, 26 
1, 1, 14, 27 
1, 1, 14, 28 
1, 1, 15, 1 
1, 1, 15, 2 
1, 1, 15, 3 
1, 1, 15, 4 
1, 1, 15, 5 
1, 1, 15, 6 
1, 1, 15, 7 
1, 1, 15, 8 
1, 1, 15, 9 
1, 1, 15, 10 
1, 1, 15, 11 
1, 1, 15, 12 
1, 1, 15, 13 
1, 1, 15, 14 
1, 1, 15, 15 
1, 1, 15, 16 
1, 1, 15, 17 
1, 1, 15, 18 
1, 1, 15, 19 
1, 1, 15, 20 
1, 1, 15, 21 
1, 1, 15, 22 
1, 1, 15, 23 
1, 1, 15, 24 
1, 1, 15, 25 
1, 1, 15, 26 
1, 1, 15, 27 
1, 1, 15, 28 
1, 1, 16, 1 
1, 1, 16, 2 
1, 1, 16, 3 
1, 1, 16, 4 
1, 1, 16, 5 
1, 1, 16, 6 
1, 1, 16, 7 
1, 1, 16, 8 
1, 1, 16, 9 
1, 1, 16, 10 
1, 1, 16, 11 
1, 1, 16, 12 
1, 1, 16, 13 
1, 1, 16, 14 
1, 1, 16, 15 
1, 1, 16, 16 
1, 1, 16, 17 
1, 1, 16, 18 
1, 1, 16, 19 
1, 1, 16, 20 
1, 1, 16, 21 
1, 1, 16, 22 
1, 1, 16, 23 
1, 1, 16, 24 
1, 1, 16, 25 
1, 1, 16, 26 
1, 1, 16, 27 
1, 1, 16, 28 
1, 1, 17, 1 
1, 1, 17, 2 
1, 1, 17, 3 
1, 1, 17, 4 
1, 1, 17, 5 
1, 1, 17, 6 
1, 1, 17, 7 
1, 1, 17, 8 
1, 1, 17, 9 
1, 1, 17, 10 
1, 1, 17, 11 
1, 1, 17, 12 
1, 1, 17, 13 
1, 1, 17, 14 
1, 1, 17, 15 
1, 1, 17, 16 
1, 1, 17, 17 
1, 1, 17, 18 
1, 1, 17, 19 
1, 1, 17, 20 
1, 1, 17, 21 
1, 1, 17, 22 
1, 1, 17, 23 
1, 1, 17, 24 
1, 1, 17, 25 
1, 1, 17, 26 
1, 1, 17, 27 
1, 1, 17, 28 
1, 1, 18, 1 
1, 1, 18, 2 
1, 1, 18, 3 
1, 1, 18, 4 
1, 1, 18, 5 
1, 1, 18, 6 
1, 1, 18, 7 
1, 1, 18, 8 
1, 1, 18, 9 
1, 1, 18, 10 
1, 1, 18, 11 
1, 1, 18, 12 
1, 1, 18, 13 
1, 1, 18, 14 
1, 1, 18, 15 
1, 1, 18, 16 
1, 1, 18, 17 
1, 1, 18, 18 
1, 1, 18, 19 
1, 1, 18, 20 
1, 1, 18, 21 
1, 1, 18, 22 
1, 1, 18, 23 
1, 1, 18, 24 
1, 1, 18, 25 
1, 1, 18, 26 
1, 1, 18, 27 
1, 1, 18, 28 
1, 1, 19, 1 
1, 1, 19, 2 
1, 1, 19, 3 
1, 1, 19, 4 
1, 1, 19, 5 
1, 1, 19, 6 
1, 1, 19, 7 
1, 1, 19, 8 
1, 1, 19, 9 
1, 1, 19, 10 
1, 1, 19, 11 
1, 1, 19, 12 
1, 1, 19, 13 
1, 1, 19, 14 
1, 1, 19, 15 
1, 1, 19, 16 
1, 1, 19, 17 
1, 1, 19, 18 
1, 1, 19, 19 
1, 1, 19, 20 
1, 1, 19, 21 
1, 1, 19, 22 
1, 1, 19, 23 
1, 1, 19, 24 
1, 1, 19, 25 
1, 1, 19, 26 
1, 1, 19, 27 
1, 1, 19, 28 
1, 1, 20, 1 
1, 1, 20, 2 
1, 1, 20, 3 
1, 1, 20, 4 
1, 1, 20, 5 
1, 1, 20, 6 
1, 1, 20, 7 
1, 1, 20, 8 
1, 1, 20, 9 
1, 1, 20, 10 
1, 1, 20, 11 
1, 1, 20, 12 
1, 1, 20, 13 
1, 1, 20, 14 
1, 1, 20, 15 
1, 1, 20, 16 
1, 1, 20, 17 
1, 1, 20, 18 
1, 1, 20, 19 
1, 1, 20, 20 
1, 1, 20, 21 
1, 1, 20, 22 
1, 1, 20, 23 
1, 1, 20, 24 
1, 1, 20, 25 
1, 1, 20, 26 
1, 1, 20, 27 
1, 1, 20, 28 
1, 1, 21, 1 
1, 1, 21, 2 
1, 1, 21, 3 
1, 1, 21, 4 
1, 1, 21, 5 
1, 1, 21, 6 
1, 1, 21, 7 
1, 1, 21, 8 
1, 1, 21, 9 
1, 1, 21, 10 
1, 1, 21, 11 
1, 1, 21, 12 
1, 1, 21, 13 
1, 1, 21, 14 
1, 1, 21, 15 
1, 1, 21, 16 
1, 1, 21, 17 
1, 1, 21, 18 
1, 1, 21, 19 
1, 1, 21, 20 
1, 1, 21, 21 
1, 1, 21, 22 
1, 1, 21, 23 
1, 1, 21, 24 
1, 1, 21, 25 
1, 1, 21, 26 
1, 1, 21, 27 
1, 1, 21, 28 
1, 1, 22, 1 
1, 1, 22, 2 
1, 1, 22, 3 
1, 1, 22, 4 
1, 1, 22, 5 
1, 1, 22, 6 
1, 1, 22, 7 
1, 1, 22, 8 
1, 1, 22, 9 
1, 1, 22, 10 
1, 1, 22, 11 
1, 1, 22, 12 
1, 1, 22, 13 
1, 1, 22, 14 
1, 1, 22, 15 
1, 1, 22, 16 
1, 1, 22, 17 
1, 1, 22, 18 
1, 1, 22, 19 
1, 1, 22, 20 
1, 1, 22, 21 
1, 1, 22, 22 
1, 1, 22, 23 
1, 1, 22, 24 
1, 1, 22, 25 
1, 1, 22, 26 
1, 1, 22, 27 
1, 1, 22, 28 
1, 1, 23, 1 
1, 1, 23, 2 
1, 1, 23, 3 
1, 1, 23, 4 
1, 1, 23, 5 
1, 1, 23, 6 
1, 1, 23, 7 
1, 1, 23, 8 
1, 1, 23, 9 
1, 1, 23, 10 
1, 1, 23, 11 
1, 1, 23, 12 
1, 1, 23, 13 
1, 1, 23, 14 
1, 1, 23, 15 
1, 1, 23, 16 
1, 1, 23, 17 
1, 1, 23, 18 
1, 1, 23, 19 
1, 1, 23, 20 
1, 1, 23, 21 
1, 1, 23, 22 
1, 1, 23, 23 
1, 1, 23, 24 
1, 1, 23, 25 
1, 1, 23, 26 
1, 1, 23, 27 
1, 1, 23, 28 
1, 1, 24, 1 
1, 1, 24, 2 
1, 1, 24, 3 
1, 1, 24, 4 
1, 1, 24, 5 
1, 1, 24, 6 
1, 1, 24, 7 
1, 1, 24, 8 
1, 1, 24, 9 
1, 1, 24, 10 
1, 1, 24, 11 
1, 1, 24, 12 
1, 1, 24, 13 
1, 1, 24, 14 
1, 1, 24, 15 
1, 1, 24, 16 
1, 1, 24, 17 
1, 1, 24, 18 
1, 1, 24, 19 
1, 1, 24, 20 
1, 1, 24, 21 
1, 1, 24, 22 
1, 1, 24, 23 
1, 1, 24, 24 
1, 1, 24, 25 
1, 1, 24, 26 
1, 1, 24, 27 
1, 1, 24, 28 
1, 1, 25, 1 
1, 1, 25, 2 
1, 1, 25, 3 
1, 1, 25, 4 
1, 1, 25, 5 
1, 1, 25, 6 
1, 1, 25, 7 
1, 1, 25, 8 
1, 1, 25, 9 
1, 1, 25, 10 
1, 1, 25, 11 
1, 1, 25, 12 
1, 1, 25, 13 
1, 1, 25, 14 
1, 1, 25, 15 
1, 1, 25, 16 
1, 1, 25, 17 
1, 1, 25, 18 
1, 1, 25, 19 
1, 1, 25, 20 
1, 1, 25, 21 
1, 1, 25, 22 
1, 1, 25, 23 
1, 1, 25, 24 
1, 1, 25, 25 
1, 1, 25, 26 
1, 1, 25, 27 
1, 1, 25, 28 
1, 1, 26, 1 
1, 1, 26, 2 
1, 1, 26, 3 
1, 1, 26, 4 
1, 1, 26, 5 
1, 1, 26, 6 
1, 1, 26, 7 
1, 1, 26, 8 
1, 1, 26, 9 
1, 1, 26, 10 
1, 1, 26, 11 
1, 1, 26, 12 
1, 1, 26, 13 
1, 1, 26, 14 
1, 1, 26, 15 
1, 1, 26, 16 
1, 1, 26, 17 
1, 1, 26, 18 
1, 1, 26, 19 
1, 1, 26, 20 
1, 1, 26, 21 
1, 1, 26, 22 
1, 1, 26, 23 
1, 1, 26, 24 
1, 1, 26, 25 
1, 1, 26, 26 
1, 1, 26, 27 
1, 1, 26, 28 
1, 1, 27, 1 
1, 1, 27, 2 
1, 1, 27, 3 
1, 1, 27, 4 
1, 1, 27, 5 
1, 1, 27, 6 
1, 1, 27, 7 
1, 1, 27, 8 
1, 1, 27, 9 
1, 1, 27, 10 
1, 1, 27, 11 
1, 1, 27, 12 
1, 1, 27, 13 
1, 1, 27, 14 
1, 1, 27, 15 
1, 1, 27, 16 
1, 1, 27, 17 
1, 1, 27, 18 
1, 1, 27, 19 
1, 1, 27, 20 
1, 1, 27, 21 
1, 1, 27, 22 
1, 1, 27, 23 
1, 1, 27, 24 
1, 1, 27, 25 
1, 1, 27, 26 
1, 1, 27, 27 
1, 1, 27, 28 
1, 1, 28, 1 
1, 1, 28, 2 
1, 1, 28, 3 
1, 1, 28, 4 
1, 1, 28, 5 
1, 1, 28, 6 
1, 1, 28, 7 
1, 1, 28, 8 
1, 1, 28, 9 
1, 1, 28, 10 
1, 1, 28, 11 
1, 1, 28, 12 
1, 1, 28, 13 
1, 1, 28, 14 
1, 1, 28, 15 
1, 1, 28, 16 
1, 1, 28, 17 
1, 1, 28, 18 
1, 1, 28, 19 
1, 1, 28, 20 
1, 1, 28, 21 
1, 1, 28, 22 
1, 1, 28, 23 
1, 1, 28, 24 
1, 1, 28, 25 
1, 1, 28, 26 
1, 1, 28, 27 
1, 1, 28, 28 
1, 1, 29, 1 
1, 1, 29, 2 
1, 1, 29, 3 
1, 1, 29, 4 
1, 1, 29, 5 
1, 1, 29, 6 
1, 1, 29, 7 
1, 1, 29, 8 
1, 1, 29, 9 
1, 1, 29, 10 
1, 1, 29, 11 
1, 1, 29, 12 
1, 1, 29, 13 
1, 1, 29, 14 
1, 1, 29, 15 
1, 1, 29, 16 
1, 1, 29, 17 
1, 1, 29, 18 
1, 1, 29, 19 
1, 1, 29, 20 
1, 1, 29, 21 
1, 1, 29, 22 
1, 1, 29, 23 
1, 1, 29, 24 
1, 1, 29, 25 
1, 1, 29, 26 
1, 1, 29, 27 
1, 1, 29, 28 
1, 1, 30, 1 
1, 1, 30, 2 
1, 1, 30, 3 
1, 1, 30, 4 
1, 1, 30, 5 
1, 1, 30, 6 
1, 1, 30, 7 
1, 1, 30, 8 
1, 1, 30, 9 
1, 1, 30, 10 
1, 1, 30, 11 
1, 1, 30, 12 
1, 1, 30, 13 
1, 1, 30, 14 
1, 1, 30, 15 
1, 1, 30, 16 
1, 1, 30, 17 
1, 1, 30, 18 
1, 1, 30, 19 
1, 1, 30, 20 
1, 1, 30, 21 
1, 1, 30, 22 
1, 1, 30, 23 
1, 1, 30, 24 
1, 1, 30, 25 
1, 1, 30, 26 
1, 1, 30, 27 
1, 1, 30, 28 
1, 1, 31, 1 
1, 1, 31, 2 
1, 1, 31, 3 
1, 1, 31, 4 
1, 1, 31, 5 
1, 1, 31, 6 
1, 1, 31, 7 
1, 1, 31, 8 
1, 1, 31, 9 
1, 1, 31, 10 
1, 1, 31, 11 
1, 1, 31, 12 
1, 1, 31, 13 
1, 1, 31, 14 
1, 1, 31, 15 
1, 1, 31, 16 
1, 1, 31, 17 
1, 1, 31, 18 
1, 1, 31, 19 
1, 1, 31, 20 
1, 1, 31, 21 
1, 1, 31, 22 
1, 1, 31, 23 
1, 1, 31, 24 
1, 1, 31, 25 
1, 1, 31, 26 
1, 1, 31, 27 
1, 1, 31, 28 
1, 1, 32, 1 
1, 1, 32, 2 
1, 1, 32, 3 
1, 1, 32, 4 
1, 1, 32, 5 
1, 1, 32, 6 
1, 1, 32, 7 
1, 1, 32, 8 
1, 1, 32, 9 
1, 1, 32, 10 
1, 1, 32, 11 
1, 1, 32, 12 
1, 1, 32, 13 
1, 1, 32, 14 
1, 1, 32, 15 
1, 1, 32, 16 
1, 1, 32, 17 
1, 1, 32, 18 
1, 1, 32, 19 
1, 1, 32, 20 
1, 1, 32, 21 
1, 1, 32, 22 
1, 1, 32, 23 
1, 1, 32, 24 
1, 1, 32, 25 
1, 1, 32, 26 
1, 1, 32, 27 
1, 1, 32, 28 
1, 1, 33, 1 
1, 1, 33, 2 
1, 1, 33, 3 
1, 1, 33, 4 
1, 1, 33, 5 
1, 1, 33, 6 
1, 1, 33, 7 
1, 1, 33, 8 
1, 1, 33, 9 
1, 1, 33, 10 
1, 1, 33, 11 
1, 1, 33, 12 
1, 1, 33, 13 
1, 1, 33, 14 
1, 1, 33, 15 
1, 1, 33, 16 
1, 1, 33, 17 
1, 1, 33, 18 
1, 1, 33, 19 
1, 1, 33, 20 
1, 1, 33, 21 
1, 1, 33, 22 
1, 1, 33, 23 
1, 1, 33, 24 
1, 1, 33, 25 
1, 1, 33, 26 
1, 1, 33, 27 
1, 1, 33, 28 
1, 1, 34, 1 
1, 1, 34, 2 
1, 1, 34, 3 
1, 1, 34, 4 
1, 1, 34, 5 
1, 1, 34, 6 
1, 1, 34, 7 
1, 1, 34, 8 
1, 1, 34, 9 
1, 1, 34, 10 
1, 1, 34, 11 
1, 1, 34, 12 
1, 1, 34, 13 
1, 1, 34, 14 
1, 1, 34, 15 
1, 1, 34, 16 
1, 1, 34, 17 
1, 1, 34, 18 
1, 1, 34, 19 
1, 1, 34, 20 
1, 1, 34, 21 
1, 1, 34, 22 
1, 1, 34, 23 
1, 1, 34, 24 
1, 1, 34, 25 
1, 1, 34, 26 
1, 1, 34, 27 
1, 1, 34, 28 
1, 1, 35, 1 
1, 1, 35, 2 
1, 1, 35, 3 
1, 1, 35, 4 
1, 1, 35, 5 
1, 1, 35, 6 
1, 1, 35, 7 
1, 1, 35, 8 
1, 1, 35, 9 
1, 1, 35, 10 
1, 1, 35, 11 
1, 1, 35, 12 
1, 1, 35, 13 
1, 1, 35, 14 
1, 1, 35, 15 
1, 1, 35, 16 
1, 1, 35, 17 
1, 1, 35, 18 
1, 1, 35, 19 
1, 1, 35, 20 
1, 1, 35, 21 
1, 1, 35, 22 
1, 1, 35, 23 
1, 1, 35, 24 
1, 1, 35, 25 
1, 1, 35, 26 
1, 1, 35, 27 
1, 1, 35, 28 
1, 1, 36, 1 
1, 1, 36, 2 
1, 1, 36, 3 
1, 1, 36, 4 
1, 1, 36, 5 
1, 1, 36, 6 
1, 1, 36, 7 
1, 1, 36, 8 
1, 1, 36, 9 
1, 1, 36, 10 
1, 1, 36, 11 
1, 1, 36, 12 
1, 1, 36, 13 
1, 1, 36, 14 
1, 1, 36, 15 
1, 1, 36, 16 
1, 1, 36, 17 
1, 1, 36, 18 
1, 1, 36, 19 
1, 1, 36, 20 
1, 1, 36, 21 
1, 1, 36, 22 
1, 1, 36, 23 
1, 1, 36, 24 
1, 1, 36, 25 
1, 1, 36, 26 
1, 1, 36, 27 
1, 1, 36, 28 
1, 1, 37, 1 
1, 1, 37, 2 
1, 1, 37, 3 
1, 1, 37, 4 
1, 1, 37, 5 
1, 1, 37, 6 
1, 1, 37, 7 
1, 1, 37, 8 
1, 1, 37, 9 
1, 1, 37, 10 
1, 1, 37, 11 
1, 1, 37, 12 
1, 1, 37, 13 
1, 1, 37, 14 
1, 1, 37, 15 
1, 1, 37, 16 
1, 1, 37, 17 
1, 1, 37, 18 
1, 1, 37, 19 
1, 1, 37, 20 
1, 1, 37, 21 
1, 1, 37, 22 
1, 1, 37, 23 
1, 1, 37, 24 
1, 1, 37, 25 
1, 1, 37, 26 
1, 1, 37, 27 
1, 1, 37, 28 
1, 1, 38, 1 
1, 1, 38, 2 
1, 1, 38, 3 
1, 1, 38, 4 
1, 1, 38, 5 
1, 1, 38, 6 
1, 1, 38, 7 
1, 1, 38, 8 
1, 1, 38, 9 
1, 1, 38, 10 
1, 1, 38, 11 
1, 1, 38, 12 
1, 1, 38, 13 
1, 1, 38, 14 
1, 1, 38, 15 
1, 1, 38, 16 
1, 1, 38, 17 
1, 1, 38, 18 
1, 1, 38, 19 
1, 1, 38, 20 
1, 1, 38, 21 
1, 1, 38, 22 
1, 1, 38, 23 
1, 1, 38, 24 
1, 1, 38, 25 
1, 1, 38, 26 
1, 1, 38, 27 
1, 1, 38, 28 
1, 1, 39, 1 
1, 1, 39, 2 
1, 1, 39, 3 
1, 1, 39, 4 
1, 1, 39, 5 
1, 1, 39, 6 
1, 1, 39, 7 
1, 1, 39, 8 
1, 1, 39, 9 
1, 1, 39, 10 
1, 1, 39, 11 
1, 1, 39, 12 
1, 1, 39, 13 
1, 1, 39, 14 
1, 1, 39, 15 
1, 1, 39, 16 
1, 1, 39, 17 
1, 1, 39, 18 
1, 1, 39, 19 
1, 1, 39, 20 
1, 1, 39, 21 
1, 1, 39, 22 
1, 1, 39, 23 
1, 1, 39, 24 
1, 1, 39, 25 
1, 1, 39, 26 
1, 1, 39, 27 
1, 1, 39, 28 
1, 1, 40, 1 
1, 1, 40, 2 
1, 1, 40, 3 
1, 1, 40, 4 
1, 1, 40, 5 
1, 1, 40, 6 
1, 1, 40, 7 
1, 1, 40, 8 
1, 1, 40, 9 
1, 1, 40, 10 
1, 1, 40, 11 
1, 1, 40, 12 
1, 1, 40, 13 
1, 1, 40, 14 
1, 1, 40, 15 
1, 1, 40, 16 
1, 1, 40, 17 
1, 1, 40, 18 
1, 1, 40, 19 
1, 1, 40, 20 
1, 1, 40, 21 
1, 1, 40, 22 
1, 1, 40, 23 
1, 1, 40, 24 
1, 1, 40, 25 
1, 1, 40, 26 
1, 1, 40, 27 
1, 1, 40, 28 
1, 1, 41, 1 
1, 1, 41, 2 
1, 1, 41, 3 
1, 1, 41, 4 
1, 1, 41, 5 
1, 1, 41, 6 
1, 1, 41, 7 
1, 1, 41, 8 
1, 1, 41, 9 
1, 1, 41, 10 
1, 1, 41, 11 
1, 1, 41, 12 
1, 1, 41, 13 
1, 1, 41, 14 
1, 1, 41, 15 
1, 1, 41, 16 
1, 1, 41, 17 
1, 1, 41, 18 
1, 1, 41, 19 
1, 1, 41, 20 
1, 1, 41, 21 
1, 1, 41, 22 
1, 1, 41, 23 
1, 1, 41, 24 
1, 1, 41, 25 
1, 1, 41, 26 
1, 1, 41, 27 
1, 1, 41, 28 
1, 1, 42, 1 
1, 1, 42, 2 
1, 1, 42, 3 
1, 1, 42, 4 
1, 1, 42, 5 
1, 1, 42, 6 
1, 1, 42, 7 
1, 1, 42, 8 
1, 1, 42, 9 
1, 1, 42, 10 
1, 1, 42, 11 
1, 1, 42, 12 
1, 1, 42, 13 
1, 1, 42, 14 
1, 1, 42, 15 
1, 1, 42, 16 
1, 1, 42, 17 
1, 1, 42, 18 
1, 1, 42, 19 
1, 1, 42, 20 
1, 1, 42, 21 
1, 1, 42, 22 
1, 1, 42, 23 
1, 1, 42, 24 
1, 1, 42, 25 
1, 1, 42, 26 
1, 1, 42, 27 
1, 1, 42, 28 
1, 1, 43, 1 
1, 1, 43, 2 
1, 1, 43, 3 
1, 1, 43, 4 
1, 1, 43, 5 
1, 1, 43, 6 
1, 1, 43, 7 
1, 1, 43, 8 
1, 1, 43, 9 
1, 1, 43, 10 
1, 1, 43, 11 
1, 1, 43, 12 
1, 1, 43, 13 
1, 1, 43, 14 
1, 1, 43, 15 
1, 1, 43, 16 
1, 1, 43, 17 
1, 1, 43, 18 
1, 1, 43, 19 
1, 1, 43, 20 
1, 1, 43, 21 
1, 1, 43, 22 
1, 1, 43, 23 
1, 1, 43, 24 
1, 1, 43, 25 
1, 1, 43, 26 
1, 1, 43, 27 
1, 1, 43, 28 
1, 1, 44, 1 
1, 1, 44, 2 
1, 1, 44, 3 
1, 1, 44, 4 
1, 1, 44, 5 
1, 1, 44, 6 
1, 1, 44, 7 
1, 1, 44, 8 
1, 1, 44, 9 
1, 1, 44, 10 
1, 1, 44, 11 
1, 1, 44, 12 
1, 1, 44, 13 
1, 1, 44, 14 
1, 1, 44, 15 
1, 1, 44, 16 
1, 1, 44, 17 
1, 1, 44, 18 
1, 1, 44, 19 
1, 1, 44, 20 
1, 1, 44, 21 
1, 1, 44, 22 
1, 1, 44, 23 
1, 1, 44, 24 
1, 1, 44, 25 
1, 1, 44, 26 
1, 1, 44, 27 
1, 1, 44, 28 
1, 1, 45, 1 
1, 1, 45, 2 
1, 1, 45, 3 
1, 1, 45, 4 
1, 1, 45, 5 
1, 1, 45, 6 
1, 1, 45, 7 
1, 1, 45, 8 
1, 1, 45, 9 
1, 1, 45, 10 
1, 1, 45, 11 
1, 1, 45, 12 
1, 1, 45, 13 
1, 1, 45, 14 
1, 1, 45, 15 
1, 1, 45, 16 
1, 1, 45, 17 
1, 1, 45, 18 
1, 1, 45, 19 
1, 1, 45, 20 
1, 1, 45, 21 
1, 1, 45, 22 
1, 1, 45, 23 
1, 1, 45, 24 
1, 1, 45, 25 
1, 1, 45, 26 
1, 1, 45, 27 
1, 1, 45, 28 
1, 1, 46, 1 
1, 1, 46, 2 
1, 1, 46, 3 
1, 1, 46, 4 
1, 1, 46, 5 
1, 1, 46, 6 
1, 1, 46, 7 
1, 1, 46, 8 
1, 1, 46, 9 
1, 1, 46, 10 
1, 1, 46, 11 
1, 1, 46, 12 
1, 1, 46, 13 
1, 1, 46, 14 
1, 1, 46, 15 
1, 1, 46, 16 
1, 1, 46, 17 
1, 1, 46, 18 
1, 1, 46, 19 
1, 1, 46, 20 
1, 1, 46, 21 
1, 1, 46, 22 
1, 1, 46, 23 
1, 1, 46, 24 
1, 1, 46, 25 
1, 1, 46, 26 
1, 1, 46, 27 
1, 1, 46, 28 
1, 1, 47, 1 
1, 1, 47, 2 
1, 1, 47, 3 
1, 1, 47, 4 
1, 1, 47, 5 
1, 1, 47, 6 
1, 1, 47, 7 
1, 1, 47, 8 
1, 1, 47, 9 
1, 1, 47, 10 
1, 1, 47, 11 
1, 1, 47, 12 
1, 1, 47, 13 
1, 1, 47, 14 
1, 1, 47, 15 
1, 1, 47, 16 
1, 1, 47, 17 
1, 1, 47, 18 
1, 1, 47, 19 
1, 1, 47, 20 
1, 1, 47, 21 
1, 1, 47, 22 
1, 1, 47, 23 
1, 1, 47, 24 
1, 1, 47, 25 
1, 1, 47, 26 
1, 1, 47, 27 
1, 1, 47, 28 
1, 1, 48, 1 
1, 1, 48, 2 
1, 1, 48, 3 
1, 1, 48, 4 
1, 1, 48, 5 
1, 1, 48, 6 
1, 1, 48, 7 
1, 1, 48, 8 
1, 1, 48, 9 
1, 1, 48, 10 
1, 1, 48, 11 
1, 1, 48, 12 
1, 1, 48, 13 
1, 1, 48, 14 
1, 1, 48, 15 
1, 1, 48, 16 
1, 1, 48, 17 
1, 1, 48, 18 
1, 1, 48, 19 
1, 1, 48, 20 
1, 1, 48, 21 
1, 1, 48, 22 
1, 1, 48, 23 
1, 1, 48, 24 
1, 1, 48, 25 
1, 1, 48, 26 
1, 1, 48, 27 
1, 1, 48, 28 
1, 1, 49, 1 
1, 1, 49, 2 
1, 1, 49, 3 
1, 1, 49, 4 
1, 1, 49, 5 
1, 1, 49, 6 
1, 1, 49, 7 
1, 1, 49, 8 
1, 1, 49, 9 
1, 1, 49, 10 
1, 1, 49, 11 
1, 1, 49, 12 
1, 1, 49, 13 
1, 1, 49, 14 
1, 1, 49, 15 
1, 1, 49, 16 
1, 1, 49, 17 
1, 1, 49, 18 
1, 1, 49, 19 
1, 1, 49, 20 
1, 1, 49, 21 
1, 1, 49, 22 
1, 1, 49, 23 
1, 1, 49, 24 
1, 1, 49, 25 
1, 1, 49, 26 
1, 1, 49, 27 
1, 1, 49, 28 
1, 1, 50, 1 
1, 1, 50, 2 
1, 1, 50, 3 
1, 1, 50, 4 
1, 1, 50, 5 
1, 1, 50, 6 
1, 1, 50, 7 
1, 1, 50, 8 
1, 1, 50, 9 
1, 1, 50, 10 
1, 1, 50, 11 
1, 1, 50, 12 
1, 1, 50, 13 
1, 1, 50, 14 
1, 1, 50, 15 
1, 1, 50, 16 
1, 1, 50, 17 
1, 1, 50, 18 
1, 1, 50, 19 
1, 1, 50, 20 
1, 1, 50, 21 
1, 1, 50, 22 
1, 1, 50, 23 
1, 1, 50, 24 
1, 1, 50, 25 
1, 1, 50, 26 
1, 1, 50, 27 
1, 1, 50, 28 
1, 2, 1, 1 
1, 2, 1, 2 
1, 2, 1, 3 
1, 2, 1, 4 
1, 2, 1, 5 
1, 2, 1, 6 
1, 2, 1, 7 
1, 2, 1, 8 
1, 2, 1, 9 
1, 2, 1, 10 
1, 2, 1, 11 
1, 2, 1, 12 
1, 2, 1, 13 
1, 2, 1, 14 
1, 2, 1, 15 
1, 2, 1, 16 
1, 2, 1, 17 
1, 2, 1, 18 
1, 2, 1, 19 
1, 2, 1, 20 
1, 2, 1, 21 
1, 2, 1, 22 
1, 2, 1, 23 
1, 2, 1, 24 
1, 2, 1, 25 
1, 2, 1, 26 
1, 2, 1, 27 
1, 2, 1, 28 
1, 2, 2, 1 
1, 2, 2, 2 
1, 2, 2, 3 
1, 2, 2, 4 
1, 2, 2, 5 
1, 2, 2, 6 
1, 2, 2, 7 
1, 2, 2, 8 
1, 2, 2, 9 
1, 2, 2, 10 
1, 2, 2, 11 
1, 2, 2, 12 
1, 2, 2, 13 
1, 2, 2, 14 
1, 2, 2, 15 
1, 2, 2, 16 
1, 2, 2, 17 
1, 2, 2, 18 
1, 2, 2, 19 
1, 2, 2, 20 
1, 2, 2, 21 
1, 2, 2, 22 
1, 2, 2, 23 
1, 2, 2, 24 
1, 2, 2, 25 
1, 2, 2, 26 
1, 2, 2, 27 
1, 2, 2, 28 
1, 2, 3, 1 
1, 2, 3, 2 
1, 2, 3, 3 
1, 2, 3, 4 
1, 2, 3, 5 
1, 2, 3, 6 
1, 2, 3, 7 
1, 2, 3, 8 
1, 2, 3, 9 
1, 2, 3, 10 
1, 2, 3, 11 
1, 2, 3, 12 
1, 2, 3, 13 
1, 2, 3, 14 
1, 2, 3, 15 
1, 2, 3, 16 
1, 2, 3, 17 
1, 2, 3, 18 
1, 2, 3, 19 
1, 2, 3, 20 
1, 2, 3, 21 
1, 2, 3, 22 
1, 2, 3, 23 
1, 2, 3, 24 
1, 2, 3, 25 
1, 2, 3, 26 
1, 2, 3, 27 
1, 2, 3, 28 
1, 2, 4, 1 
1, 2, 4, 2 
1, 2, 4, 3 
1, 2, 4, 4 
1, 2, 4, 5 
1, 2, 4, 6 
1, 2, 4, 7 
1, 2, 4, 8 
1, 2, 4, 9 
1, 2, 4, 10 
1, 2, 4, 11 
1, 2, 4, 12 
1, 2, 4, 13 
1, 2, 4, 14 
1, 2, 4, 15 
1, 2, 4, 16 
1, 2, 4, 17 
1, 2, 4, 18 
1, 2, 4, 19 
1, 2, 4, 20 
1, 2, 4, 21 
1, 2, 4, 22 
1, 2, 4, 23 
1, 2, 4, 24 
1, 2, 4, 25 
1, 2, 4, 26 
1, 2, 4, 27 
1, 2, 4, 28 
1, 2, 5, 1 
1, 2, 5, 2 
1, 2, 5, 3 
1, 2, 5, 4 
1, 2, 5, 5 
1, 2, 5, 6 
1, 2, 5, 7 
1, 2, 5, 8 
1, 2, 5, 9 
1, 2, 5, 10 
1, 2, 5, 11 
1, 2, 5, 12 
1, 2, 5, 13 
1, 2, 5, 14 
1, 2, 5, 15 
1, 2, 5, 16 
1, 2, 5, 17 
1, 2, 5, 18 
1, 2, 5, 19 
1, 2, 5, 20 
1, 2, 5, 21 
1, 2, 5, 22 
1, 2, 5, 23 
1, 2, 5, 24 
1, 2, 5, 25 
1, 2, 5, 26 
1, 2, 5, 27 
1, 2, 5, 28 
1, 2, 6, 1 
1, 2, 6, 2 
1, 2, 6, 3 
1, 2, 6, 4 
1, 2, 6, 5 
1, 2, 6, 6 
1, 2, 6, 7 
1, 2, 6, 8 
1, 2, 6, 9 
1, 2, 6, 10 
1, 2, 6, 11 
1, 2, 6, 12 
1, 2, 6, 13 
1, 2, 6, 14 
1, 2, 6, 15 
1, 2, 6, 16 
1, 2, 6, 17 
1, 2, 6, 18 
1, 2, 6, 19 
1, 2, 6, 20 
1, 2, 6, 21 
1, 2, 6, 22 
1, 2, 6, 23 
1, 2, 6, 24 
1, 2, 6, 25 
1, 2, 6, 26 
1, 2, 6, 27 
1, 2, 6, 28 
1, 2, 7, 1 
1, 2, 7, 2 
1, 2, 7, 3 
1, 2, 7, 4 
1, 2, 7, 5 
1, 2, 7, 6 
1, 2, 7, 7 
1, 2, 7, 8 
1, 2, 7, 9 
1, 2, 7, 10 
1, 2, 7, 11 
1, 2, 7, 12 
1, 2, 7, 13 
1, 2, 7, 14 
1, 2, 7, 15 
1, 2, 7, 16 
1, 2, 7, 17 
1, 2, 7, 18 
1, 2, 7, 19 
1, 2, 7, 20 
1, 2, 7, 21 
1, 2, 7, 22 
1, 2, 7, 23 
1, 2, 7, 24 
1, 2, 7, 25 
1, 2, 7, 26 
1, 2, 7, 27 
1, 2, 7, 28 
1, 2, 8, 1 
1, 2, 8, 2 
1, 2, 8, 3 
1, 2, 8, 4 
1, 2, 8, 5 
1, 2, 8, 6 
1, 2, 8, 7 
1, 2, 8, 8 
1, 2, 8, 9 
1, 2, 8, 10 
1, 2, 8, 11 
1, 2, 8, 12 
1, 2, 8, 13 
1, 2, 8, 14 
1, 2, 8, 15 
1, 2, 8, 16 
1, 2, 8, 17 
1, 2, 8, 18 
1, 2, 8, 19 
1, 2, 8, 20 
1, 2, 8, 21 
1, 2, 8, 22 
1, 2, 8, 23 
1, 2, 8, 24 
1, 2, 8, 25 
1, 2, 8, 26 
1, 2, 8, 27 
1, 2, 8, 28 
1, 2, 9, 1 
1, 2, 9, 2 
1, 2, 9, 3 
1, 2, 9, 4 
1, 2, 9, 5 
1, 2, 9, 6 
1, 2, 9, 7 
1, 2, 9, 8 
1, 2, 9, 9 
1, 2, 9, 10 
1, 2, 9, 11 
1, 2, 9, 12 
1, 2, 9, 13 
1, 2, 9, 14 
1, 2, 9, 15 
1, 2, 9, 16 
1, 2, 9, 17 
1, 2, 9, 18 
1, 2, 9, 19 
1, 2, 9, 20 
1, 2, 9, 21 
1, 2, 9, 22 
1, 2, 9, 23 
1, 2, 9, 24 
1, 2, 9, 25 
1, 2, 9, 26 
1, 2, 9, 27 
1, 2, 9, 28 
1, 2, 10, 1 
1, 2, 10, 2 
1, 2, 10, 3 
1, 2, 10, 4 
1, 2, 10, 5 
1, 2, 10, 6 
1, 2, 10, 7 
1, 2, 10, 8 
1, 2, 10, 9 
1, 2, 10, 10 
1, 2, 10, 11 
1, 2, 10, 12 
1, 2, 10, 13 
1, 2, 10, 14 
1, 2, 10, 15 
1, 2, 10, 16 
1, 2, 10, 17 
1, 2, 10, 18 
1, 2, 10, 19 
1, 2, 10, 20 
1, 2, 10, 21 
1, 2, 10, 22 
1, 2, 10, 23 
1, 2, 10, 24 
1, 2, 10, 25 
1, 2, 10, 26 
1, 2, 10, 27 
1, 2, 10, 28 
1, 2, 11, 1 
1, 2, 11, 2 
1, 2, 11, 3 
1, 2, 11, 4 
1, 2, 11, 5 
1, 2, 11, 6 
1, 2, 11, 7 
1, 2, 11, 8 
1, 2, 11, 9 
1, 2, 11, 10 
1, 2, 11, 11 
1, 2, 11, 12 
1, 2, 11, 13 
1, 2, 11, 14 
1, 2, 11, 15 
1, 2, 11, 16 
1, 2, 11, 17 
1, 2, 11, 18 
1, 2, 11, 19 
1, 2, 11, 20 
1, 2, 11, 21 
1, 2, 11, 22 
1, 2, 11, 23 
1, 2, 11, 24 
1, 2, 11, 25 
1, 2, 11, 26 
1, 2, 11, 27 
1, 2, 11, 28 
1, 2, 12, 1 
1, 2, 12, 2 
1, 2, 12, 3 
1, 2, 12, 4 
1, 2, 12, 5 
1, 2, 12, 6 
1, 2, 12, 7 
1, 2, 12, 8 
1, 2, 12, 9 
1, 2, 12, 10 
1, 2, 12, 11 
1, 2, 12, 12 
1, 2, 12, 13 
1, 2, 12, 14 
1, 2, 12, 15 
1, 2, 12, 16 
1, 2, 12, 17 
1, 2, 12, 18 
1, 2, 12, 19 
1, 2, 12, 20 
1, 2, 12, 21 
1, 2, 12, 22 
1, 2, 12, 23 
1, 2, 12, 24 
1, 2, 12, 25 
1, 2, 12, 26 
1, 2, 12, 27 
1, 2, 12, 28 
1, 2, 13, 1 
1, 2, 13, 2 
1, 2, 13, 3 
1, 2, 13, 4 
1, 2, 13, 5 
1, 2, 13, 6 
1, 2, 13, 7 
1, 2, 13, 8 
1, 2, 13, 9 
1, 2, 13, 10 
1, 2, 13, 11 
1, 2, 13, 12 
1, 2, 13, 13 
1, 2, 13, 14 
1, 2, 13, 15 
1, 2, 13, 16 
1, 2, 13, 17 
1, 2, 13, 18 
1, 2, 13, 19 
1, 2, 13, 20 
1, 2, 13, 21 
1, 2, 13, 22 
1, 2, 13, 23 
1, 2, 13, 24 
1, 2, 13, 25 
1, 2, 13, 26 
1, 2, 13, 27 
1, 2, 13, 28 
1, 2, 14, 1 
1, 2, 14, 2 
1, 2, 14, 3 
1, 2, 14, 4 
1, 2, 14, 5 
1, 2, 14, 6 
1, 2, 14, 7 
1, 2, 14, 8 
1, 2, 14, 9 
1, 2, 14, 10 
1, 2, 14, 11 
1, 2, 14, 12 
1, 2, 14, 13 
1, 2, 14, 14 
1, 2, 14, 15 
1, 2, 14, 16 
1, 2, 14, 17 
1, 2, 14, 18 
1, 2, 14, 19 
1, 2, 14, 20 
1, 2, 14, 21 
1, 2, 14, 22 
1, 2, 14, 23 
1, 2, 14, 24 
1, 2, 14, 25 
1, 2, 14, 26 
1, 2, 14, 27 
1, 2, 14, 28 
1, 2, 15, 1 
1, 2, 15, 2 
1, 2, 15, 3 
1, 2, 15, 4 
1, 2, 15, 5 
1, 2, 15, 6 
1, 2, 15, 7 
1, 2, 15, 8 
1, 2, 15, 9 
1, 2, 15, 10 
1, 2, 15, 11 
1, 2, 15, 12 
1, 2, 15, 13 
1, 2, 15, 14 
1, 2, 15, 15 
1, 2, 15, 16 
1, 2, 15, 17 
1, 2, 15, 18 
1, 2, 15, 19 
1, 2, 15, 20 
1, 2, 15, 21 
1, 2, 15, 22 
1, 2, 15, 23 
1, 2, 15, 24 
1, 2, 15, 25 
1, 2, 15, 26 
1, 2, 15, 27 
1, 2, 15, 28 
1, 2, 16, 1 
1, 2, 16, 2 
1, 2, 16, 3 
1, 2, 16, 4 
1, 2, 16, 5 
1, 2, 16, 6 
1, 2, 16, 7 
1, 2, 16, 8 
1, 2, 16, 9 
1, 2, 16, 10 
1, 2, 16, 11 
1, 2, 16, 12 
1, 2, 16, 13 
1, 2, 16, 14 
1, 2, 16, 15 
1, 2, 16, 16 
1, 2, 16, 17 
1, 2, 16, 18 
1, 2, 16, 19 
1, 2, 16, 20 
1, 2, 16, 21 
1, 2, 16, 22 
1, 2, 16, 23 
1, 2, 16, 24 
1, 2, 16, 25 
1, 2, 16, 26 
1, 2, 16, 27 
1, 2, 16, 28 
1, 2, 17, 1 
1, 2, 17, 2 
1, 2, 17, 3 
1, 2, 17, 4 
1, 2, 17, 5 
1, 2, 17, 6 
1, 2, 17, 7 
1, 2, 17, 8 
1, 2, 17, 9 
1, 2, 17, 10 
1, 2, 17, 11 
1, 2, 17, 12 
1, 2, 17, 13 
1, 2, 17, 14 
1, 2, 17, 15 
1, 2, 17, 16 
1, 2, 17, 17 
1, 2, 17, 18 
1, 2, 17, 19 
1, 2, 17, 20 
1, 2, 17, 21 
1, 2, 17, 22 
1, 2, 17, 23 
1, 2, 17, 24 
1, 2, 17, 25 
1, 2, 17, 26 
1, 2, 17, 27 
1, 2, 17, 28 
1, 2, 18, 1 
1, 2, 18, 2 
1, 2, 18, 3 
1, 2, 18, 4 
1, 2, 18, 5 
1, 2, 18, 6 
1, 2, 18, 7 
1, 2, 18, 8 
1, 2, 18, 9 
1, 2, 18, 10 
1, 2, 18, 11 
1, 2, 18, 12 
1, 2, 18, 13 
1, 2, 18, 14 
1, 2, 18, 15 
1, 2, 18, 16 
1, 2, 18, 17 
1, 2, 18, 18 
1, 2, 18, 19 
1, 2, 18, 20 
1, 2, 18, 21 
1, 2, 18, 22 
1, 2, 18, 23 
1, 2, 18, 24 
1, 2, 18, 25 
1, 2, 18, 26 
1, 2, 18, 27 
1, 2, 18, 28 
1, 2, 19, 1 
1, 2, 19, 2 
1, 2, 19, 3 
1, 2, 19, 4 
1, 2, 19, 5 
1, 2, 19, 6 
1, 2, 19, 7 
1, 2, 19, 8 
1, 2, 19, 9 
1, 2, 19, 10 
1, 2, 19, 11 
1, 2, 19, 12 
1, 2, 19, 13 
1, 2, 19, 14 
1, 2, 19, 15 
1, 2, 19, 16 
1, 2, 19, 17 
1, 2, 19, 18 
1, 2, 19, 19 
1, 2, 19, 20 
1, 2, 19, 21 
1, 2, 19, 22 
1, 2, 19, 23 
1, 2, 19, 24 
1, 2, 19, 25 
1, 2, 19, 26 
1, 2, 19, 27 
1, 2, 19, 28 
1, 2, 20, 1 
1, 2, 20, 2 
1, 2, 20, 3 
1, 2, 20, 4 
1, 2, 20, 5 
1, 2, 20, 6 
1, 2, 20, 7 
1, 2, 20, 8 
1, 2, 20, 9 
1, 2, 20, 10 
1, 2, 20, 11 
1, 2, 20, 12 
1, 2, 20, 13 
1, 2, 20, 14 
1, 2, 20, 15 
1, 2, 20, 16 
1, 2, 20, 17 
1, 2, 20, 18 
1, 2, 20, 19 
1, 2, 20, 20 
1, 2, 20, 21 
1, 2, 20, 22 
1, 2, 20, 23 
1, 2, 20, 24 
1, 2, 20, 25 
1, 2, 20, 26 
1, 2, 20, 27 
1, 2, 20, 28 
1, 2, 21, 1 
1, 2, 21, 2 
1, 2, 21, 3 
1, 2, 21, 4 
1, 2, 21, 5 
1, 2, 21, 6 
1, 2, 21, 7 
1, 2, 21, 8 
1, 2, 21, 9 
1, 2, 21, 10 
1, 2, 21, 11 
1, 2, 21, 12 
1, 2, 21, 13 
1, 2, 21, 14 
1, 2, 21, 15 
1, 2, 21, 16 
1, 2, 21, 17 
1, 2, 21, 18 
1, 2, 21, 19 
1, 2, 21, 20 
1, 2, 21, 21 
1, 2, 21, 22 
1, 2, 21, 23 
1, 2, 21, 24 
1, 2, 21, 25 
1, 2, 21, 26 
1, 2, 21, 27 
1, 2, 21, 28 
1, 2, 22, 1 
1, 2, 22, 2 
1, 2, 22, 3 
1, 2, 22, 4 
1, 2, 22, 5 
1, 2, 22, 6 
1, 2, 22, 7 
1, 2, 22, 8 
1, 2, 22, 9 
1, 2, 22, 10 
1, 2, 22, 11 
1, 2, 22, 12 
1, 2, 22, 13 
1, 2, 22, 14 
1, 2, 22, 15 
1, 2, 22, 16 
1, 2, 22, 17 
1, 2, 22, 18 
1, 2, 22, 19 
1, 2, 22, 20 
1, 2, 22, 21 
1, 2, 22, 22 
1, 2, 22, 23 
1, 2, 22, 24 
1, 2, 22, 25 
1, 2, 22, 26 
1, 2, 22, 27 
1, 2, 22, 28 
1, 2, 23, 1 
1, 2, 23, 2 
1, 2, 23, 3 
1, 2, 23, 4 
1, 2, 23, 5 
1, 2, 23, 6 
1, 2, 23, 7 
1, 2, 23, 8 
1, 2, 23, 9 
1, 2, 23, 10 
1, 2, 23, 11 
1, 2, 23, 12 
1, 2, 23, 13 
1, 2, 23, 14 
1, 2, 23, 15 
1, 2, 23, 16 
1, 2, 23, 17 
1, 2, 23, 18 
1, 2, 23, 19 
1, 2, 23, 20 
1, 2, 23, 21 
1, 2, 23, 22 
1, 2, 23, 23 
1, 2, 23, 24 
1, 2, 23, 25 
1, 2, 23, 26 
1, 2, 23, 27 
1, 2, 23, 28 
1, 2, 24, 1 
1, 2, 24, 2 
1, 2, 24, 3 
1, 2, 24, 4 
1, 2, 24, 5 
1, 2, 24, 6 
1, 2, 24, 7 
1, 2, 24, 8 
1, 2, 24, 9 
1, 2, 24, 10 
1, 2, 24, 11 
1, 2, 24, 12 
1, 2, 24, 13 
1, 2, 24, 14 
1, 2, 24, 15 
1, 2, 24, 16 
1, 2, 24, 17 
1, 2, 24, 18 
1, 2, 24, 19 
1, 2, 24, 20 
1, 2, 24, 21 
1, 2, 24, 22 
1, 2, 24, 23 
1, 2, 24, 24 
1, 2, 24, 25 
1, 2, 24, 26 
1, 2, 24, 27 
1, 2, 24, 28 
1, 2, 25, 1 
1, 2, 25, 2 
1, 2, 25, 3 
1, 2, 25, 4 
1, 2, 25, 5 
1, 2, 25, 6 
1, 2, 25, 7 
1, 2, 25, 8 
1, 2, 25, 9 
1, 2, 25, 10 
1, 2, 25, 11 
1, 2, 25, 12 
1, 2, 25, 13 
1, 2, 25, 14 
1, 2, 25, 15 
1, 2, 25, 16 
1, 2, 25, 17 
1, 2, 25, 18 
1, 2, 25, 19 
1, 2, 25, 20 
1, 2, 25, 21 
1, 2, 25, 22 
1, 2, 25, 23 
1, 2, 25, 24 
1, 2, 25, 25 
1, 2, 25, 26 
1, 2, 25, 27 
1, 2, 25, 28 
1, 2, 26, 1 
1, 2, 26, 2 
1, 2, 26, 3 
1, 2, 26, 4 
1, 2, 26, 5 
1, 2, 26, 6 
1, 2, 26, 7 
1, 2, 26, 8 
1, 2, 26, 9 
1, 2, 26, 10 
1, 2, 26, 11 
1, 2, 26, 12 
1, 2, 26, 13 
1, 2, 26, 14 
1, 2, 26, 15 
1, 2, 26, 16 
1, 2, 26, 17 
1, 2, 26, 18 
1, 2, 26, 19 
1, 2, 26, 20 
1, 2, 26, 21 
1, 2, 26, 22 
1, 2, 26, 23 
1, 2, 26, 24 
1, 2, 26, 25 
1, 2, 26, 26 
1, 2, 26, 27 
1, 2, 26, 28 
1, 2, 27, 1 
1, 2, 27, 2 
1, 2, 27, 3 
1, 2, 27, 4 
1, 2, 27, 5 
1, 2, 27, 6 
1, 2, 27, 7 
1, 2, 27, 8 
1, 2, 27, 9 
1, 2, 27, 10 
1, 2, 27, 11 
1, 2, 27, 12 
1, 2, 27, 13 
1, 2, 27, 14 
1, 2, 27, 15 
1, 2, 27, 16 
1, 2, 27, 17 
1, 2, 27, 18 
1, 2, 27, 19 
1, 2, 27, 20 
1, 2, 27, 21 
1, 2, 27, 22 
1, 2, 27, 23 
1, 2, 27, 24 
1, 2, 27, 25 
1, 2, 27, 26 
1, 2, 27, 27 
1, 2, 27, 28 
1, 2, 28, 1 
1, 2, 28, 2 
1, 2, 28, 3 
1, 2, 28, 4 
1, 2, 28, 5 
1, 2, 28, 6 
1, 2, 28, 7 
1, 2, 28, 8 
1, 2, 28, 9 
1, 2, 28, 10 
1, 2, 28, 11 
1, 2, 28, 12 
1, 2, 28, 13 
1, 2, 28, 14 
1, 2, 28, 15 
1, 2, 28, 16 
1, 2, 28, 17 
1, 2, 28, 18 
1, 2, 28, 19 
1, 2, 28, 20 
1, 2, 28, 21 
1, 2, 28, 22 
1, 2, 28, 23 
1, 2, 28, 24 
1, 2, 28, 25 
1, 2, 28, 26 
1, 2, 28, 27 
1, 2, 28, 28 
1, 2, 29, 1 
1, 2, 29, 2 
1, 2, 29, 3 
1, 2, 29, 4 
1, 2, 29, 5 
1, 2, 29, 6 
1, 2, 29, 7 
1, 2, 29, 8 
1, 2, 29, 9 
1, 2, 29, 10 
1, 2, 29, 11 
1, 2, 29, 12 
1, 2, 29, 13 
1, 2, 29, 14 
1, 2, 29, 15 
1, 2, 29, 16 
1, 2, 29, 17 
1, 2, 29, 18 
1, 2, 29, 19 
1, 2, 29, 20 
1, 2, 29, 21 
1, 2, 29, 22 
1, 2, 29, 23 
1, 2, 29, 24 
1, 2, 29, 25 
1, 2, 29, 26 
1, 2, 29, 27 
1, 2, 29, 28 
1, 2, 30, 1 
1, 2, 30, 2 
1, 2, 30, 3 
1, 2, 30, 4 
1, 2, 30, 5 
1, 2, 30, 6 
1, 2, 30, 7 
1, 2, 30, 8 
1, 2, 30, 9 
1, 2, 30, 10 
1, 2, 30, 11 
1, 2, 30, 12 
1, 2, 30, 13 
1, 2, 30, 14 
1, 2, 30, 15 
1, 2, 30, 16 
1, 2, 30, 17 
1, 2, 30, 18 
1, 2, 30, 19 
1, 2, 30, 20 
1, 2, 30, 21 
1, 2, 30, 22 
1, 2, 30, 23 
1, 2, 30, 24 
1, 2, 30, 25 
1, 2, 30, 26 
1, 2, 30, 27 
1, 2, 30, 28 
1, 2, 31, 1 
1, 2, 31, 2 
1, 2, 31, 3 
1, 2, 31, 4 
1, 2, 31, 5 
1, 2, 31, 6 
1, 2, 31, 7 
1, 2, 31, 8 
1, 2, 31, 9 
1, 2, 31, 10 
1, 2, 31, 11 
1, 2, 31, 12 
1, 2, 31, 13 
1, 2, 31, 14 
1, 2, 31, 15 
1, 2, 31, 16 
1, 2, 31, 17 
1, 2, 31, 18 
1, 2, 31, 19 
1, 2, 31, 20 
1, 2, 31, 21 
1, 2, 31, 22 
1, 2, 31, 23 
1, 2, 31, 24 
1, 2, 31, 25 
1, 2, 31, 26 
1, 2, 31, 27 
1, 2, 31, 28 
1, 2, 32, 1 
1, 2, 32, 2 
1, 2, 32, 3 
1, 2, 32, 4 
1, 2, 32, 5 
1, 2, 32, 6 
1, 2, 32, 7 
1, 2, 32, 8 
1, 2, 32, 9 
1, 2, 32, 10 
1, 2, 32, 11 
1, 2, 32, 12 
1, 2, 32, 13 
1, 2, 32, 14 
1, 2, 32, 15 
1, 2, 32, 16 
1, 2, 32, 17 
1, 2, 32, 18 
1, 2, 32, 19 
1, 2, 32, 20 
1, 2, 32, 21 
1, 2, 32, 22 
1, 2, 32, 23 
1, 2, 32, 24 
1, 2, 32, 25 
1, 2, 32, 26 
1, 2, 32, 27 
1, 2, 32, 28 
1, 2, 33, 1 
1, 2, 33, 2 
1, 2, 33, 3 
1, 2, 33, 4 
1, 2, 33, 5 
1, 2, 33, 6 
1, 2, 33, 7 
1, 2, 33, 8 
1, 2, 33, 9 
1, 2, 33, 10 
1, 2, 33, 11 
1, 2, 33, 12 
1, 2, 33, 13 
1, 2, 33, 14 
1, 2, 33, 15 
1, 2, 33, 16 
1, 2, 33, 17 
1, 2, 33, 18 
1, 2, 33, 19 
1, 2, 33, 20 
1, 2, 33, 21 
1, 2, 33, 22 
1, 2, 33, 23 
1, 2, 33, 24 
1, 2, 33, 25 
1, 2, 33, 26 
1, 2, 33, 27 
1, 2, 33, 28 
1, 2, 34, 1 
1, 2, 34, 2 
1, 2, 34, 3 
1, 2, 34, 4 
1, 2, 34, 5 
1, 2, 34, 6 
1, 2, 34, 7 
1, 2, 34, 8 
1, 2, 34, 9 
1, 2, 34, 10 
1, 2, 34, 11 
1, 2, 34, 12 
1, 2, 34, 13 
1, 2, 34, 14 
1, 2, 34, 15 
1, 2, 34, 16 
1, 2, 34, 17 
1, 2, 34, 18 
1, 2, 34, 19 
1, 2, 34, 20 
1, 2, 34, 21 
1, 2, 34, 22 
1, 2, 34, 23 
1, 2, 34, 24 
1, 2, 34, 25 
1, 2, 34, 26 
1, 2, 34, 27 
1, 2, 34, 28 
1, 2, 35, 1 
1, 2, 35, 2 
1, 2, 35, 3 
1, 2, 35, 4 
1, 2, 35, 5 
1, 2, 35, 6 
1, 2, 35, 7 
1, 2, 35, 8 
1, 2, 35, 9 
1, 2, 35, 10 
1, 2, 35, 11 
1, 2, 35, 12 
1, 2, 35, 13 
1, 2, 35, 14 
1, 2, 35, 15 
1, 2, 35, 16 
1, 2, 35, 17 
1, 2, 35, 18 
1, 2, 35, 19 
1, 2, 35, 20 
1, 2, 35, 21 
1, 2, 35, 22 
1, 2, 35, 23 
1, 2, 35, 24 
1, 2, 35, 25 
1, 2, 35, 26 
1, 2, 35, 27 
1, 2, 35, 28 
1, 2, 36, 1 
1, 2, 36, 2 
1, 2, 36, 3 
1, 2, 36, 4 
1, 2, 36, 5 
1, 2, 36, 6 
1, 2, 36, 7 
1, 2, 36, 8 
1, 2, 36, 9 
1, 2, 36, 10 
1, 2, 36, 11 
1, 2, 36, 12 
1, 2, 36, 13 
1, 2, 36, 14 
1, 2, 36, 15 
1, 2, 36, 16 
1, 2, 36, 17 
1, 2, 36, 18 
1, 2, 36, 19 
1, 2, 36, 20 
1, 2, 36, 21 
1, 2, 36, 22 
1, 2, 36, 23 
1, 2, 36, 24 
1, 2, 36, 25 
1, 2, 36, 26 
1, 2, 36, 27 
1, 2, 36, 28 
1, 2, 37, 1 
1, 2, 37, 2 
1, 2, 37, 3 
1, 2, 37, 4 
1, 2, 37, 5 
1, 2, 37, 6 
1, 2, 37, 7 
1, 2, 37, 8 
1, 2, 37, 9 
1, 2, 37, 10 
1, 2, 37, 11 
1, 2, 37, 12 
1, 2, 37, 13 
1, 2, 37, 14 
1, 2, 37, 15 
1, 2, 37, 16 
1, 2, 37, 17 
1, 2, 37, 18 
1, 2, 37, 19 
1, 2, 37, 20 
1, 2, 37, 21 
1, 2, 37, 22 
1, 2, 37, 23 
1, 2, 37, 24 
1, 2, 37, 25 
1, 2, 37, 26 
1, 2, 37, 27 
1, 2, 37, 28 
1, 2, 38, 1 
1, 2, 38, 2 
1, 2, 38, 3 
1, 2, 38, 4 
1, 2, 38, 5 
1, 2, 38, 6 
1, 2, 38, 7 
1, 2, 38, 8 
1, 2, 38, 9 
1, 2, 38, 10 
1, 2, 38, 11 
1, 2, 38, 12 
1, 2, 38, 13 
1, 2, 38, 14 
1, 2, 38, 15 
1, 2, 38, 16 
1, 2, 38, 17 
1, 2, 38, 18 
1, 2, 38, 19 
1, 2, 38, 20 
1, 2, 38, 21 
1, 2, 38, 22 
1, 2, 38, 23 
1, 2, 38, 24 
1, 2, 38, 25 
1, 2, 38, 26 
1, 2, 38, 27 
1, 2, 38, 28 
1, 2, 39, 1 
1, 2, 39, 2 
1, 2, 39, 3 
1, 2, 39, 4 
1, 2, 39, 5 
1, 2, 39, 6 
1, 2, 39, 7 
1, 2, 39, 8 
1, 2, 39, 9 
1, 2, 39, 10 
1, 2, 39, 11 
1, 2, 39, 12 
1, 2, 39, 13 
1, 2, 39, 14 
1, 2, 39, 15 
1, 2, 39, 16 
1, 2, 39, 17 
1, 2, 39, 18 
1, 2, 39, 19 
1, 2, 39, 20 
1, 2, 39, 21 
1, 2, 39, 22 
1, 2, 39, 23 
1, 2, 39, 24 
1, 2, 39, 25 
1, 2, 39, 26 
1, 2, 39, 27 
1, 2, 39, 28 
1, 2, 40, 1 
1, 2, 40, 2 
1, 2, 40, 3 
1, 2, 40, 4 
1, 2, 40, 5 
1, 2, 40, 6 
1, 2, 40, 7 
1, 2, 40, 8 
1, 2, 40, 9 
1, 2, 40, 10 
1, 2, 40, 11 
1, 2, 40, 12 
1, 2, 40, 13 
1, 2, 40, 14 
1, 2, 40, 15 
1, 2, 40, 16 
1, 2, 40, 17 
1, 2, 40, 18 
1, 2, 40, 19 
1, 2, 40, 20 
1, 2, 40, 21 
1, 2, 40, 22 
1, 2, 40, 23 
1, 2, 40, 24 
1, 2, 40, 25 
1, 2, 40, 26 
1, 2, 40, 27 
1, 2, 40, 28 
1, 2, 41, 1 
1, 2, 41, 2 
1, 2, 41, 3 
1, 2, 41, 4 
1, 2, 41, 5 
1, 2, 41, 6 
1, 2, 41, 7 
1, 2, 41, 8 
1, 2, 41, 9 
1, 2, 41, 10 
1, 2, 41, 11 
1, 2, 41, 12 
1, 2, 41, 13 
1, 2, 41, 14 
1, 2, 41, 15 
1, 2, 41, 16 
1, 2, 41, 17 
1, 2, 41, 18 
1, 2, 41, 19 
1, 2, 41, 20 
1, 2, 41, 21 
1, 2, 41, 22 
1, 2, 41, 23 
1, 2, 41, 24 
1, 2, 41, 25 
1, 2, 41, 26 
1, 2, 41, 27 
1, 2, 41, 28 
1, 2, 42, 1 
1, 2, 42, 2 
1, 2, 42, 3 
1, 2, 42, 4 
1, 2, 42, 5 
1, 2, 42, 6 
1, 2, 42, 7 
1, 2, 42, 8 
1, 2, 42, 9 
1, 2, 42, 10 
1, 2, 42, 11 
1, 2, 42, 12 
1, 2, 42, 13 
1, 2, 42, 14 
1, 2, 42, 15 
1, 2, 42, 16 
1, 2, 42, 17 
1, 2, 42, 18 
1, 2, 42, 19 
1, 2, 42, 20 
1, 2, 42, 21 
1, 2, 42, 22 
1, 2, 42, 23 
1, 2, 42, 24 
1, 2, 42, 25 
1, 2, 42, 26 
1, 2, 42, 27 
1, 2, 42, 28 
1, 2, 43, 1 
1, 2, 43, 2 
1, 2, 43, 3 
1, 2, 43, 4 
1, 2, 43, 5 
1, 2, 43, 6 
1, 2, 43, 7 
1, 2, 43, 8 
1, 2, 43, 9 
1, 2, 43, 10 
1, 2, 43, 11 
1, 2, 43, 12 
1, 2, 43, 13 
1, 2, 43, 14 
1, 2, 43, 15 
1, 2, 43, 16 
1, 2, 43, 17 
1, 2, 43, 18 
1, 2, 43, 19 
1, 2, 43, 20 
1, 2, 43, 21 
1, 2, 43, 22 
1, 2, 43, 23 
1, 2, 43, 24 
1, 2, 43, 25 
1, 2, 43, 26 
1, 2, 43, 27 
1, 2, 43, 28 
1, 2, 44, 1 
1, 2, 44, 2 
1, 2, 44, 3 
1, 2, 44, 4 
1, 2, 44, 5 
1, 2, 44, 6 
1, 2, 44, 7 
1, 2, 44, 8 
1, 2, 44, 9 
1, 2, 44, 10 
1, 2, 44, 11 
1, 2, 44, 12 
1, 2, 44, 13 
1, 2, 44, 14 
1, 2, 44, 15 
1, 2, 44, 16 
1, 2, 44, 17 
1, 2, 44, 18 
1, 2, 44, 19 
1, 2, 44, 20 
1, 2, 44, 21 
1, 2, 44, 22 
1, 2, 44, 23 
1, 2, 44, 24 
1, 2, 44, 25 
1, 2, 44, 26 
1, 2, 44, 27 
1, 2, 44, 28 
1, 2, 45, 1 
1, 2, 45, 2 
1, 2, 45, 3 
1, 2, 45, 4 
1, 2, 45, 5 
1, 2, 45, 6 
1, 2, 45, 7 
1, 2, 45, 8 
1, 2, 45, 9 
1, 2, 45, 10 
1, 2, 45, 11 
1, 2, 45, 12 
1, 2, 45, 13 
1, 2, 45, 14 
1, 2, 45, 15 
1, 2, 45, 16 
1, 2, 45, 17 
1, 2, 45, 18 
1, 2, 45, 19 
1, 2, 45, 20 
1, 2, 45, 21 
1, 2, 45, 22 
1, 2, 45, 23 
1, 2, 45, 24 
1, 2, 45, 25 
1, 2, 45, 26 
1, 2, 45, 27 
1, 2, 45, 28 
1, 2, 46, 1 
1, 2, 46, 2 
1, 2, 46, 3 
1, 2, 46, 4 
1, 2, 46, 5 
1, 2, 46, 6 
1, 2, 46, 7 
1, 2, 46, 8 
1, 2, 46, 9 
1, 2, 46, 10 
1, 2, 46, 11 
1, 2, 46, 12 
1, 2, 46, 13 
1, 2, 46, 14 
1, 2, 46, 15 
1, 2, 46, 16 
1, 2, 46, 17 
1, 2, 46, 18 
1, 2, 46, 19 
1, 2, 46, 20 
1, 2, 46, 21 
1, 2, 46, 22 
1, 2, 46, 23 
1, 2, 46, 24 
1, 2, 46, 25 
1, 2, 46, 26 
1, 2, 46, 27 
1, 2, 46, 28 
1, 2, 47, 1 
1, 2, 47, 2 
1, 2, 47, 3 
1, 2, 47, 4 
1, 2, 47, 5 
1, 2, 47, 6 
1, 2, 47, 7 
1, 2, 47, 8 
1, 2, 47, 9 
1, 2, 47, 10 
1, 2, 47, 11 
1, 2, 47, 12 
1, 2, 47, 13 
1, 2, 47, 14 
1, 2, 47, 15 
1, 2, 47, 16 
1, 2, 47, 17 
1, 2, 47, 18 
1, 2, 47, 19 
1, 2, 47, 20 
1, 2, 47, 21 
1, 2, 47, 22 
1, 2, 47, 23 
1, 2, 47, 24 
1, 2, 47, 25 
1, 2, 47, 26 
1, 2, 47, 27 
1, 2, 47, 28 
1, 2, 48, 1 
1, 2, 48, 2 
1, 2, 48, 3 
1, 2, 48, 4 
1, 2, 48, 5 
1, 2, 48, 6 
1, 2, 48, 7 
1, 2, 48, 8 
1, 2, 48, 9 
1, 2, 48, 10 
1, 2, 48, 11 
1, 2, 48, 12 
1, 2, 48, 13 
1, 2, 48, 14 
1, 2, 48, 15 
1, 2, 48, 16 
1, 2, 48, 17 
1, 2, 48, 18 
1, 2, 48, 19 
1, 2, 48, 20 
1, 2, 48, 21 
1, 2, 48, 22 
1, 2, 48, 23 
1, 2, 48, 24 
1, 2, 48, 25 
1, 2, 48, 26 
1, 2, 48, 27 
1, 2, 48, 28 
1, 2, 49, 1 
1, 2, 49, 2 
1, 2, 49, 3 
1, 2, 49, 4 
1, 2, 49, 5 
1, 2, 49, 6 
1, 2, 49, 7 
1, 2, 49, 8 
1, 2, 49, 9 
1, 2, 49, 10 
1, 2, 49, 11 
1, 2, 49, 12 
1, 2, 49, 13 
1, 2, 49, 14 
1, 2, 49, 15 
1, 2, 49, 16 
1, 2, 49, 17 
1, 2, 49, 18 
1, 2, 49, 19 
1, 2, 49, 20 
1, 2, 49, 21 
1, 2, 49, 22 
1, 2, 49, 23 
1, 2, 49, 24 
1, 2, 49, 25 
1, 2, 49, 26 
1, 2, 49, 27 
1, 2, 49, 28 
1, 2, 50, 1 
1, 2, 50, 2 
1, 2, 50, 3 
1, 2, 50, 4 
1, 2, 50, 5 
1, 2, 50, 6 
1, 2, 50, 7 
1, 2, 50, 8 
1, 2, 50, 9 
1, 2, 50, 10 
1, 2, 50, 11 
1, 2, 50, 12 
1, 2, 50, 13 
1, 2, 50, 14 
1, 2, 50, 15 
1, 2, 50, 16 
1, 2, 50, 17 
1, 2, 50, 18 
1, 2, 50, 19 
1, 2, 50, 20 
1, 2, 50, 21 
1, 2, 50, 22 
1, 2, 50, 23 
1, 2, 50, 24 
1, 2, 50, 25 
1, 2, 50, 26 
1, 2, 50, 27 
1, 2, 50, 28 
1, 3, 1, 1 
1, 3, 1, 2 
1, 3, 1, 3 
1, 3, 1, 4 
1, 3, 1, 5 
1, 3, 1, 6 
1, 3, 1, 7 
1, 3, 1, 8 
1, 3, 1, 9 
1, 3, 1, 10 
1, 3, 1, 11 
1, 3, 1, 12 
1, 3, 1, 13 
1, 3, 1, 14 
1, 3, 1, 15 
1, 3, 1, 16 
1, 3, 1, 17 
1, 3, 1, 18 
1, 3, 1, 19 
1, 3, 1, 20 
1, 3, 1, 21 
1, 3, 1, 22 
1, 3, 1, 23 
1, 3, 1, 24 
1, 3, 1, 25 
1, 3, 1, 26 
1, 3, 1, 27 
1, 3, 1, 28 
1, 3, 2, 1 
1, 3, 2, 2 
1, 3, 2, 3 
1, 3, 2, 4 
1, 3, 2, 5 
1, 3, 2, 6 
1, 3, 2, 7 
1, 3, 2, 8 
1, 3, 2, 9 
1, 3, 2, 10 
1, 3, 2, 11 
1, 3, 2, 12 
1, 3, 2, 13 
1, 3, 2, 14 
1, 3, 2, 15 
1, 3, 2, 16 
1, 3, 2, 17 
1, 3, 2, 18 
1, 3, 2, 19 
1, 3, 2, 20 
1, 3, 2, 21 
1, 3, 2, 22 
1, 3, 2, 23 
1, 3, 2, 24 
1, 3, 2, 25 
1, 3, 2, 26 
1, 3, 2, 27 
1, 3, 2, 28 
1, 3, 3, 1 
1, 3, 3, 2 
1, 3, 3, 3 
1, 3, 3, 4 
1, 3, 3, 5 
1, 3, 3, 6 
1, 3, 3, 7 
1, 3, 3, 8 
1, 3, 3, 9 
1, 3, 3, 10 
1, 3, 3, 11 
1, 3, 3, 12 
1, 3, 3, 13 
1, 3, 3, 14 
1, 3, 3, 15 
1, 3, 3, 16 
1, 3, 3, 17 
1, 3, 3, 18 
1, 3, 3, 19 
1, 3, 3, 20 
1, 3, 3, 21 
1, 3, 3, 22 
1, 3, 3, 23 
1, 3, 3, 24 
1, 3, 3, 25 
1, 3, 3, 26 
1, 3, 3, 27 
1, 3, 3, 28 
1, 3, 4, 1 
1, 3, 4, 2 
1, 3, 4, 3 
1, 3, 4, 4 
1, 3, 4, 5 
1, 3, 4, 6 
1, 3, 4, 7 
1, 3, 4, 8 
1, 3, 4, 9 
1, 3, 4, 10 
1, 3, 4, 11 
1, 3, 4, 12 
1, 3, 4, 13 
1, 3, 4, 14 
1, 3, 4, 15 
1, 3, 4, 16 
1, 3, 4, 17 
1, 3, 4, 18 
1, 3, 4, 19 
1, 3, 4, 20 
1, 3, 4, 21 
1, 3, 4, 22 
1, 3, 4, 23 
1, 3, 4, 24 
1, 3, 4, 25 
1, 3, 4, 26 
1, 3, 4, 27 
1, 3, 4, 28 
1, 3, 5, 1 
1, 3, 5, 2 
1, 3, 5, 3 
1, 3, 5, 4 
1, 3, 5, 5 
1, 3, 5, 6 
1, 3, 5, 7 
1, 3, 5, 8 
1, 3, 5, 9 
1, 3, 5, 10 
1, 3, 5, 11 
1, 3, 5, 12 
1, 3, 5, 13 
1, 3, 5, 14 
1, 3, 5, 15 
1, 3, 5, 16 
1, 3, 5, 17 
1, 3, 5, 18 
1, 3, 5, 19 
1, 3, 5, 20 
1, 3, 5, 21 
1, 3, 5, 22 
1, 3, 5, 23 
1, 3, 5, 24 
1, 3, 5, 25 
1, 3, 5, 26 
1, 3, 5, 27 
1, 3, 5, 28 
1, 3, 6, 1 
1, 3, 6, 2 
1, 3, 6, 3 
1, 3, 6, 4 
1, 3, 6, 5 
1, 3, 6, 6 
1, 3, 6, 7 
1, 3, 6, 8 
1, 3, 6, 9 
1, 3, 6, 10 
1, 3, 6, 11 
1, 3, 6, 12 
1, 3, 6, 13 
1, 3, 6, 14 
1, 3, 6, 15 
1, 3, 6, 16 
1, 3, 6, 17 
1, 3, 6, 18 
1, 3, 6, 19 
1, 3, 6, 20 
1, 3, 6, 21 
1, 3, 6, 22 
1, 3, 6, 23 
1, 3, 6, 24 
1, 3, 6, 25 
1, 3, 6, 26 
1, 3, 6, 27 
1, 3, 6, 28 
1, 3, 7, 1 
1, 3, 7, 2 
1, 3, 7, 3 
1, 3, 7, 4 
1, 3, 7, 5 
1, 3, 7, 6 
1, 3, 7, 7 
1, 3, 7, 8 
1, 3, 7, 9 
1, 3, 7, 10 
1, 3, 7, 11 
1, 3, 7, 12 
1, 3, 7, 13 
1, 3, 7, 14 
1, 3, 7, 15 
1, 3, 7, 16 
1, 3, 7, 17 
1, 3, 7, 18 
1, 3, 7, 19 
1, 3, 7, 20 
1, 3, 7, 21 
1, 3, 7, 22 
1, 3, 7, 23 
1, 3, 7, 24 
1, 3, 7, 25 
1, 3, 7, 26 
1, 3, 7, 27 
1, 3, 7, 28 
1, 3, 8, 1 
1, 3, 8, 2 
1, 3, 8, 3 
1, 3, 8, 4 
1, 3, 8, 5 
1, 3, 8, 6 
1, 3, 8, 7 
1, 3, 8, 8 
1, 3, 8, 9 
1, 3, 8, 10 
1, 3, 8, 11 
1, 3, 8, 12 
1, 3, 8, 13 
1, 3, 8, 14 
1, 3, 8, 15 
1, 3, 8, 16 
1, 3, 8, 17 
1, 3, 8, 18 
1, 3, 8, 19 
1, 3, 8, 20 
1, 3, 8, 21 
1, 3, 8, 22 
1, 3, 8, 23 
1, 3, 8, 24 
1, 3, 8, 25 
1, 3, 8, 26 
1, 3, 8, 27 
1, 3, 8, 28 
1, 3, 9, 1 
1, 3, 9, 2 
1, 3, 9, 3 
1, 3, 9, 4 
1, 3, 9, 5 
1, 3, 9, 6 
1, 3, 9, 7 
1, 3, 9, 8 
1, 3, 9, 9 
1, 3, 9, 10 
1, 3, 9, 11 
1, 3, 9, 12 
1, 3, 9, 13 
1, 3, 9, 14 
1, 3, 9, 15 
1, 3, 9, 16 
1, 3, 9, 17 
1, 3, 9, 18 
1, 3, 9, 19 
1, 3, 9, 20 
1, 3, 9, 21 
1, 3, 9, 22 
1, 3, 9, 23 
1, 3, 9, 24 
1, 3, 9, 25 
1, 3, 9, 26 
1, 3, 9, 27 
1, 3, 9, 28 
1, 3, 10, 1 
1, 3, 10, 2 
1, 3, 10, 3 
1, 3, 10, 4 
1, 3, 10, 5 
1, 3, 10, 6 
1, 3, 10, 7 
1, 3, 10, 8 
1, 3, 10, 9 
1, 3, 10, 10 
1, 3, 10, 11 
1, 3, 10, 12 
1, 3, 10, 13 
1, 3, 10, 14 
1, 3, 10, 15 
1, 3, 10, 16 
1, 3, 10, 17 
1, 3, 10, 18 
1, 3, 10, 19 
1, 3, 10, 20 
1, 3, 10, 21 
1, 3, 10, 22 
1, 3, 10, 23 
1, 3, 10, 24 
1, 3, 10, 25 
1, 3, 10, 26 
1, 3, 10, 27 
1, 3, 10, 28 
1, 3, 11, 1 
1, 3, 11, 2 
1, 3, 11, 3 
1, 3, 11, 4 
1, 3, 11, 5 
1, 3, 11, 6 
1, 3, 11, 7 
1, 3, 11, 8 
1, 3, 11, 9 
1, 3, 11, 10 
1, 3, 11, 11 
1, 3, 11, 12 
1, 3, 11, 13 
1, 3, 11, 14 
1, 3, 11, 15 
1, 3, 11, 16 
1, 3, 11, 17 
1, 3, 11, 18 
1, 3, 11, 19 
1, 3, 11, 20 
1, 3, 11, 21 
1, 3, 11, 22 
1, 3, 11, 23 
1, 3, 11, 24 
1, 3, 11, 25 
1, 3, 11, 26 
1, 3, 11, 27 
1, 3, 11, 28 
1, 3, 12, 1 
1, 3, 12, 2 
1, 3, 12, 3 
1, 3, 12, 4 
1, 3, 12, 5 
1, 3, 12, 6 
1, 3, 12, 7 
1, 3, 12, 8 
1, 3, 12, 9 
1, 3, 12, 10 
1, 3, 12, 11 
1, 3, 12, 12 
1, 3, 12, 13 
1, 3, 12, 14 
1, 3, 12, 15 
1, 3, 12, 16 
1, 3, 12, 17 
1, 3, 12, 18 
1, 3, 12, 19 
1, 3, 12, 20 
1, 3, 12, 21 
1, 3, 12, 22 
1, 3, 12, 23 
1, 3, 12, 24 
1, 3, 12, 25 
1, 3, 12, 26 
1, 3, 12, 27 
1, 3, 12, 28 
1, 3, 13, 1 
1, 3, 13, 2 
1, 3, 13, 3 
1, 3, 13, 4 
1, 3, 13, 5 
1, 3, 13, 6 
1, 3, 13, 7 
1, 3, 13, 8 
1, 3, 13, 9 
1, 3, 13, 10 
1, 3, 13, 11 
1, 3, 13, 12 
1, 3, 13, 13 
1, 3, 13, 14 
1, 3, 13, 15 
1, 3, 13, 16 
1, 3, 13, 17 
1, 3, 13, 18 
1, 3, 13, 19 
1, 3, 13, 20 
1, 3, 13, 21 
1, 3, 13, 22 
1, 3, 13, 23 
1, 3, 13, 24 
1, 3, 13, 25 
1, 3, 13, 26 
1, 3, 13, 27 
1, 3, 13, 28 
1, 3, 14, 1 
1, 3, 14, 2 
1, 3, 14, 3 
1, 3, 14, 4 
1, 3, 14, 5 
1, 3, 14, 6 
1, 3, 14, 7 
1, 3, 14, 8 
1, 3, 14, 9 
1, 3, 14, 10 
1, 3, 14, 11 
1, 3, 14, 12 
1, 3, 14, 13 
1, 3, 14, 14 
1, 3, 14, 15 
1, 3, 14, 16 
1, 3, 14, 17 
1, 3, 14, 18 
1, 3, 14, 19 
1, 3, 14, 20 
1, 3, 14, 21 
1, 3, 14, 22 
1, 3, 14, 23 
1, 3, 14, 24 
1, 3, 14, 25 
1, 3, 14, 26 
1, 3, 14, 27 
1, 3, 14, 28 
1, 3, 15, 1 
1, 3, 15, 2 
1, 3, 15, 3 
1, 3, 15, 4 
1, 3, 15, 5 
1, 3, 15, 6 
1, 3, 15, 7 
1, 3, 15, 8 
1, 3, 15, 9 
1, 3, 15, 10 
1, 3, 15, 11 
1, 3, 15, 12 
1, 3, 15, 13 
1, 3, 15, 14 
1, 3, 15, 15 
1, 3, 15, 16 
1, 3, 15, 17 
1, 3, 15, 18 
1, 3, 15, 19 
1, 3, 15, 20 
1, 3, 15, 21 
1, 3, 15, 22 
1, 3, 15, 23 
1, 3, 15, 24 
1, 3, 15, 25 
1, 3, 15, 26 
1, 3, 15, 27 
1, 3, 15, 28 
1, 3, 16, 1 
1, 3, 16, 2 
1, 3, 16, 3 
1, 3, 16, 4 
1, 3, 16, 5 
1, 3, 16, 6 
1, 3, 16, 7 
1, 3, 16, 8 
1, 3, 16, 9 
1, 3, 16, 10 
1, 3, 16, 11 
1, 3, 16, 12 
1, 3, 16, 13 
1, 3, 16, 14 
1, 3, 16, 15 
1, 3, 16, 16 
1, 3, 16, 17 
1, 3, 16, 18 
1, 3, 16, 19 
1, 3, 16, 20 
1, 3, 16, 21 
1, 3, 16, 22 
1, 3, 16, 23 
1, 3, 16, 24 
1, 3, 16, 25 
1, 3, 16, 26 
1, 3, 16, 27 
1, 3, 16, 28 
1, 3, 17, 1 
1, 3, 17, 2 
1, 3, 17, 3 
1, 3, 17, 4 
1, 3, 17, 5 
1, 3, 17, 6 
1, 3, 17, 7 
1, 3, 17, 8 
1, 3, 17, 9 
1, 3, 17, 10 
1, 3, 17, 11 
1, 3, 17, 12 
1, 3, 17, 13 
1, 3, 17, 14 
1, 3, 17, 15 
1, 3, 17, 16 
1, 3, 17, 17 
1, 3, 17, 18 
1, 3, 17, 19 
1, 3, 17, 20 
1, 3, 17, 21 
1, 3, 17, 22 
1, 3, 17, 23 
1, 3, 17, 24 
1, 3, 17, 25 
1, 3, 17, 26 
1, 3, 17, 27 
1, 3, 17, 28 
1, 3, 18, 1 
1, 3, 18, 2 
1, 3, 18, 3 
1, 3, 18, 4 
1, 3, 18, 5 
1, 3, 18, 6 
1, 3, 18, 7 
1, 3, 18, 8 
1, 3, 18, 9 
1, 3, 18, 10 
1, 3, 18, 11 
1, 3, 18, 12 
1, 3, 18, 13 
1, 3, 18, 14 
1, 3, 18, 15 
1, 3, 18, 16 
1, 3, 18, 17 
1, 3, 18, 18 
1, 3, 18, 19 
1, 3, 18, 20 
1, 3, 18, 21 
1, 3, 18, 22 
1, 3, 18, 23 
1, 3, 18, 24 
1, 3, 18, 25 
1, 3, 18, 26 
1, 3, 18, 27 
1, 3, 18, 28 
1, 3, 19, 1 
1, 3, 19, 2 
1, 3, 19, 3 
1, 3, 19, 4 
1, 3, 19, 5 
1, 3, 19, 6 
1, 3, 19, 7 
1, 3, 19, 8 
1, 3, 19, 9 
1, 3, 19, 10 
1, 3, 19, 11 
1, 3, 19, 12 
1, 3, 19, 13 
1, 3, 19, 14 
1, 3, 19, 15 
1, 3, 19, 16 
1, 3, 19, 17 
1, 3, 19, 18 
1, 3, 19, 19 
1, 3, 19, 20 
1, 3, 19, 21 
1, 3, 19, 22 
1, 3, 19, 23 
1, 3, 19, 24 
1, 3, 19, 25 
1, 3, 19, 26 
1, 3, 19, 27 
1, 3, 19, 28 
1, 3, 20, 1 
1, 3, 20, 2 
1, 3, 20, 3 
1, 3, 20, 4 
1, 3, 20, 5 
1, 3, 20, 6 
1, 3, 20, 7 
1, 3, 20, 8 
1, 3, 20, 9 
1, 3, 20, 10 
1, 3, 20, 11 
1, 3, 20, 12 
1, 3, 20, 13 
1, 3, 20, 14 
1, 3, 20, 15 
1, 3, 20, 16 
1, 3, 20, 17 
1, 3, 20, 18 
1, 3, 20, 19 
1, 3, 20, 20 
1, 3, 20, 21 
1, 3, 20, 22 
1, 3, 20, 23 
1, 3, 20, 24 
1, 3, 20, 25 
1, 3, 20, 26 
1, 3, 20, 27 
1, 3, 20, 28 
1, 3, 21, 1 
1, 3, 21, 2 
1, 3, 21, 3 
1, 3, 21, 4 
1, 3, 21, 5 
1, 3, 21, 6 
1, 3, 21, 7 
1, 3, 21, 8 
1, 3, 21, 9 
1, 3, 21, 10 
1, 3, 21, 11 
1, 3, 21, 12 
1, 3, 21, 13 
1, 3, 21, 14 
1, 3, 21, 15 
1, 3, 21, 16 
1, 3, 21, 17 
1, 3, 21, 18 
1, 3, 21, 19 
1, 3, 21, 20 
1, 3, 21, 21 
1, 3, 21, 22 
1, 3, 21, 23 
1, 3, 21, 24 
1, 3, 21, 25 
1, 3, 21, 26 
1, 3, 21, 27 
1, 3, 21, 28 
1, 3, 22, 1 
1, 3, 22, 2 
1, 3, 22, 3 
1, 3, 22, 4 
1, 3, 22, 5 
1, 3, 22, 6 
1, 3, 22, 7 
1, 3, 22, 8 
1, 3, 22, 9 
1, 3, 22, 10 
1, 3, 22, 11 
1, 3, 22, 12 
1, 3, 22, 13 
1, 3, 22, 14 
1, 3, 22, 15 
1, 3, 22, 16 
1, 3, 22, 17 
1, 3, 22, 18 
1, 3, 22, 19 
1, 3, 22, 20 
1, 3, 22, 21 
1, 3, 22, 22 
1, 3, 22, 23 
1, 3, 22, 24 
1, 3, 22, 25 
1, 3, 22, 26 
1, 3, 22, 27 
1, 3, 22, 28 
1, 3, 23, 1 
1, 3, 23, 2 
1, 3, 23, 3 
1, 3, 23, 4 
1, 3, 23, 5 
1, 3, 23, 6 
1, 3, 23, 7 
1, 3, 23, 8 
1, 3, 23, 9 
1, 3, 23, 10 
1, 3, 23, 11 
1, 3, 23, 12 
1, 3, 23, 13 
1, 3, 23, 14 
1, 3, 23, 15 
1, 3, 23, 16 
1, 3, 23, 17 
1, 3, 23, 18 
1, 3, 23, 19 
1, 3, 23, 20 
1, 3, 23, 21 
1, 3, 23, 22 
1, 3, 23, 23 
1, 3, 23, 24 
1, 3, 23, 25 
1, 3, 23, 26 
1, 3, 23, 27 
1, 3, 23, 28 
1, 3, 24, 1 
1, 3, 24, 2 
1, 3, 24, 3 
1, 3, 24, 4 
1, 3, 24, 5 
1, 3, 24, 6 
1, 3, 24, 7 
1, 3, 24, 8 
1, 3, 24, 9 
1, 3, 24, 10 
1, 3, 24, 11 
1, 3, 24, 12 
1, 3, 24, 13 
1, 3, 24, 14 
1, 3, 24, 15 
1, 3, 24, 16 
1, 3, 24, 17 
1, 3, 24, 18 
1, 3, 24, 19 
1, 3, 24, 20 
1, 3, 24, 21 
1, 3, 24, 22 
1, 3, 24, 23 
1, 3, 24, 24 
1, 3, 24, 25 
1, 3, 24, 26 
1, 3, 24, 27 
1, 3, 24, 28 
1, 3, 25, 1 
1, 3, 25, 2 
1, 3, 25, 3 
1, 3, 25, 4 
1, 3, 25, 5 
1, 3, 25, 6 
1, 3, 25, 7 
1, 3, 25, 8 
1, 3, 25, 9 
1, 3, 25, 10 
1, 3, 25, 11 
1, 3, 25, 12 
1, 3, 25, 13 
1, 3, 25, 14 
1, 3, 25, 15 
1, 3, 25, 16 
1, 3, 25, 17 
1, 3, 25, 18 
1, 3, 25, 19 
1, 3, 25, 20 
1, 3, 25, 21 
1, 3, 25, 22 
1, 3, 25, 23 
1, 3, 25, 24 
1, 3, 25, 25 
1, 3, 25, 26 
1, 3, 25, 27 
1, 3, 25, 28 
1, 3, 26, 1 
1, 3, 26, 2 
1, 3, 26, 3 
1, 3, 26, 4 
1, 3, 26, 5 
1, 3, 26, 6 
1, 3, 26, 7 
1, 3, 26, 8 
1, 3, 26, 9 
1, 3, 26, 10 
1, 3, 26, 11 
1, 3, 26, 12 
1, 3, 26, 13 
1, 3, 26, 14 
1, 3, 26, 15 
1, 3, 26, 16 
1, 3, 26, 17 
1, 3, 26, 18 
1, 3, 26, 19 
1, 3, 26, 20 
1, 3, 26, 21 
1, 3, 26, 22 
1, 3, 26, 23 
1, 3, 26, 24 
1, 3, 26, 25 
1, 3, 26, 26 
1, 3, 26, 27 
1, 3, 26, 28 
1, 3, 27, 1 
1, 3, 27, 2 
1, 3, 27, 3 
1, 3, 27, 4 
1, 3, 27, 5 
1, 3, 27, 6 
1, 3, 27, 7 
1, 3, 27, 8 
1, 3, 27, 9 
1, 3, 27, 10 
1, 3, 27, 11 
1, 3, 27, 12 
1, 3, 27, 13 
1, 3, 27, 14 
1, 3, 27, 15 
1, 3, 27, 16 
1, 3, 27, 17 
1, 3, 27, 18 
1, 3, 27, 19 
1, 3, 27, 20 
1, 3, 27, 21 
1, 3, 27, 22 
1, 3, 27, 23 
1, 3, 27, 24 
1, 3, 27, 25 
1, 3, 27, 26 
1, 3, 27, 27 
1, 3, 27, 28 
1, 3, 28, 1 
1, 3, 28, 2 
1, 3, 28, 3 
1, 3, 28, 4 
1, 3, 28, 5 
1, 3, 28, 6 
1, 3, 28, 7 
1, 3, 28, 8 
1, 3, 28, 9 
1, 3, 28, 10 
1, 3, 28, 11 
1, 3, 28, 12 
1, 3, 28, 13 
1, 3, 28, 14 
1, 3, 28, 15 
1, 3, 28, 16 
1, 3, 28, 17 
1, 3, 28, 18 
1, 3, 28, 19 
1, 3, 28, 20 
1, 3, 28, 21 
1, 3, 28, 22 
1, 3, 28, 23 
1, 3, 28, 24 
1, 3, 28, 25 
1, 3, 28, 26 
1, 3, 28, 27 
1, 3, 28, 28 
1, 3, 29, 1 
1, 3, 29, 2 
1, 3, 29, 3 
1, 3, 29, 4 
1, 3, 29, 5 
1, 3, 29, 6 
1, 3, 29, 7 
1, 3, 29, 8 
1, 3, 29, 9 
1, 3, 29, 10 
1, 3, 29, 11 
1, 3, 29, 12 
1, 3, 29, 13 
1, 3, 29, 14 
1, 3, 29, 15 
1, 3, 29, 16 
1, 3, 29, 17 
1, 3, 29, 18 
1, 3, 29, 19 
1, 3, 29, 20 
1, 3, 29, 21 
1, 3, 29, 22 
1, 3, 29, 23 
1, 3, 29, 24 
1, 3, 29, 25 
1, 3, 29, 26 
1, 3, 29, 27 
1, 3, 29, 28 
1, 3, 30, 1 
1, 3, 30, 2 
1, 3, 30, 3 
1, 3, 30, 4 
1, 3, 30, 5 
1, 3, 30, 6 
1, 3, 30, 7 
1, 3, 30, 8 
1, 3, 30, 9 
1, 3, 30, 10 
1, 3, 30, 11 
1, 3, 30, 12 
1, 3, 30, 13 
1, 3, 30, 14 
1, 3, 30, 15 
1, 3, 30, 16 
1, 3, 30, 17 
1, 3, 30, 18 
1, 3, 30, 19 
1, 3, 30, 20 
1, 3, 30, 21 
1, 3, 30, 22 
1, 3, 30, 23 
1, 3, 30, 24 
1, 3, 30, 25 
1, 3, 30, 26 
1, 3, 30, 27 
1, 3, 30, 28 
1, 3, 31, 1 
1, 3, 31, 2 
1, 3, 31, 3 
1, 3, 31, 4 
1, 3, 31, 5 
1, 3, 31, 6 
1, 3, 31, 7 
1, 3, 31, 8 
1, 3, 31, 9 
1, 3, 31, 10 
1, 3, 31, 11 
1, 3, 31, 12 
1, 3, 31, 13 
1, 3, 31, 14 
1, 3, 31, 15 
1, 3, 31, 16 
1, 3, 31, 17 
1, 3, 31, 18 
1, 3, 31, 19 
1, 3, 31, 20 
1, 3, 31, 21 
1, 3, 31, 22 
1, 3, 31, 23 
1, 3, 31, 24 
1, 3, 31, 25 
1, 3, 31, 26 
1, 3, 31, 27 
1, 3, 31, 28 
1, 3, 32, 1 
1, 3, 32, 2 
1, 3, 32, 3 
1, 3, 32, 4 
1, 3, 32, 5 
1, 3, 32, 6 
1, 3, 32, 7 
1, 3, 32, 8 
1, 3, 32, 9 
1, 3, 32, 10 
1, 3, 32, 11 
1, 3, 32, 12 
1, 3, 32, 13 
1, 3, 32, 14 
1, 3, 32, 15 
1, 3, 32, 16 
1, 3, 32, 17 
1, 3, 32, 18 
1, 3, 32, 19 
1, 3, 32, 20 
1, 3, 32, 21 
1, 3, 32, 22 
1, 3, 32, 23 
1, 3, 32, 24 
1, 3, 32, 25 
1, 3, 32, 26 
1, 3, 32, 27 
1, 3, 32, 28 
1, 3, 33, 1 
1, 3, 33, 2 
1, 3, 33, 3 
1, 3, 33, 4 
1, 3, 33, 5 
1, 3, 33, 6 
1, 3, 33, 7 
1, 3, 33, 8 
1, 3, 33, 9 
1, 3, 33, 10 
1, 3, 33, 11 
1, 3, 33, 12 
1, 3, 33, 13 
1, 3, 33, 14 
1, 3, 33, 15 
1, 3, 33, 16 
1, 3, 33, 17 
1, 3, 33, 18 
1, 3, 33, 19 
1, 3, 33, 20 
1, 3, 33, 21 
1, 3, 33, 22 
1, 3, 33, 23 
1, 3, 33, 24 
1, 3, 33, 25 
1, 3, 33, 26 
1, 3, 33, 27 
1, 3, 33, 28 
1, 3, 34, 1 
1, 3, 34, 2 
1, 3, 34, 3 
1, 3, 34, 4 
1, 3, 34, 5 
1, 3, 34, 6 
1, 3, 34, 7 
1, 3, 34, 8 
1, 3, 34, 9 
1, 3, 34, 10 
1, 3, 34, 11 
1, 3, 34, 12 
1, 3, 34, 13 
1, 3, 34, 14 
1, 3, 34, 15 
1, 3, 34, 16 
1, 3, 34, 17 
1, 3, 34, 18 
1, 3, 34, 19 
1, 3, 34, 20 
1, 3, 34, 21 
1, 3, 34, 22 
1, 3, 34, 23 
1, 3, 34, 24 
1, 3, 34, 25 
1, 3, 34, 26 
1, 3, 34, 27 
1, 3, 34, 28 
1, 3, 35, 1 
1, 3, 35, 2 
1, 3, 35, 3 
1, 3, 35, 4 
1, 3, 35, 5 
1, 3, 35, 6 
1, 3, 35, 7 
1, 3, 35, 8 
1, 3, 35, 9 
1, 3, 35, 10 
1, 3, 35, 11 
1, 3, 35, 12 
1, 3, 35, 13 
1, 3, 35, 14 
1, 3, 35, 15 
1, 3, 35, 16 
1, 3, 35, 17 
1, 3, 35, 18 
1, 3, 35, 19 
1, 3, 35, 20 
1, 3, 35, 21 
1, 3, 35, 22 
1, 3, 35, 23 
1, 3, 35, 24 
1, 3, 35, 25 
1, 3, 35, 26 
1, 3, 35, 27 
1, 3, 35, 28 
1, 3, 36, 1 
1, 3, 36, 2 
1, 3, 36, 3 
1, 3, 36, 4 
1, 3, 36, 5 
1, 3, 36, 6 
1, 3, 36, 7 
1, 3, 36, 8 
1, 3, 36, 9 
1, 3, 36, 10 
1, 3, 36, 11 
1, 3, 36, 12 
1, 3, 36, 13 
1, 3, 36, 14 
1, 3, 36, 15 
1, 3, 36, 16 
1, 3, 36, 17 
1, 3, 36, 18 
1, 3, 36, 19 
1, 3, 36, 20 
1, 3, 36, 21 
1, 3, 36, 22 
1, 3, 36, 23 
1, 3, 36, 24 
1, 3, 36, 25 
1, 3, 36, 26 
1, 3, 36, 27 
1, 3, 36, 28 
1, 3, 37, 1 
1, 3, 37, 2 
1, 3, 37, 3 
1, 3, 37, 4 
1, 3, 37, 5 
1, 3, 37, 6 
1, 3, 37, 7 
1, 3, 37, 8 
1, 3, 37, 9 
1, 3, 37, 10 
1, 3, 37, 11 
1, 3, 37, 12 
1, 3, 37, 13 
1, 3, 37, 14 
1, 3, 37, 15 
1, 3, 37, 16 
1, 3, 37, 17 
1, 3, 37, 18 
1, 3, 37, 19 
1, 3, 37, 20 
1, 3, 37, 21 
1, 3, 37, 22 
1, 3, 37, 23 
1, 3, 37, 24 
1, 3, 37, 25 
1, 3, 37, 26 
1, 3, 37, 27 
1, 3, 37, 28 
1, 3, 38, 1 
1, 3, 38, 2 
1, 3, 38, 3 
1, 3, 38, 4 
1, 3, 38, 5 
1, 3, 38, 6 
1, 3, 38, 7 
1, 3, 38, 8 
1, 3, 38, 9 
1, 3, 38, 10 
1, 3, 38, 11 
1, 3, 38, 12 
1, 3, 38, 13 
1, 3, 38, 14 
1, 3, 38, 15 
1, 3, 38, 16 
1, 3, 38, 17 
1, 3, 38, 18 
1, 3, 38, 19 
1, 3, 38, 20 
1, 3, 38, 21 
1, 3, 38, 22 
1, 3, 38, 23 
1, 3, 38, 24 
1, 3, 38, 25 
1, 3, 38, 26 
1, 3, 38, 27 
1, 3, 38, 28 
1, 3, 39, 1 
1, 3, 39, 2 
1, 3, 39, 3 
1, 3, 39, 4 
1, 3, 39, 5 
1, 3, 39, 6 
1, 3, 39, 7 
1, 3, 39, 8 
1, 3, 39, 9 
1, 3, 39, 10 
1, 3, 39, 11 
1, 3, 39, 12 
1, 3, 39, 13 
1, 3, 39, 14 
1, 3, 39, 15 
1, 3, 39, 16 
1, 3, 39, 17 
1, 3, 39, 18 
1, 3, 39, 19 
1, 3, 39, 20 
1, 3, 39, 21 
1, 3, 39, 22 
1, 3, 39, 23 
1, 3, 39, 24 
1, 3, 39, 25 
1, 3, 39, 26 
1, 3, 39, 27 
1, 3, 39, 28 
1, 3, 40, 1 
1, 3, 40, 2 
1, 3, 40, 3 
1, 3, 40, 4 
1, 3, 40, 5 
1, 3, 40, 6 
1, 3, 40, 7 
1, 3, 40, 8 
1, 3, 40, 9 
1, 3, 40, 10 
1, 3, 40, 11 
1, 3, 40, 12 
1, 3, 40, 13 
1, 3, 40, 14 
1, 3, 40, 15 
1, 3, 40, 16 
1, 3, 40, 17 
1, 3, 40, 18 
1, 3, 40, 19 
1, 3, 40, 20 
1, 3, 40, 21 
1, 3, 40, 22 
1, 3, 40, 23 
1, 3, 40, 24 
1, 3, 40, 25 
1, 3, 40, 26 
1, 3, 40, 27 
1, 3, 40, 28 
1, 3, 41, 1 
1, 3, 41, 2 
1, 3, 41, 3 
1, 3, 41, 4 
1, 3, 41, 5 
1, 3, 41, 6 
1, 3, 41, 7 
1, 3, 41, 8 
1, 3, 41, 9 
1, 3, 41, 10 
1, 3, 41, 11 
1, 3, 41, 12 
1, 3, 41, 13 
1, 3, 41, 14 
1, 3, 41, 15 
1, 3, 41, 16 
1, 3, 41, 17 
1, 3, 41, 18 
1, 3, 41, 19 
1, 3, 41, 20 
1, 3, 41, 21 
1, 3, 41, 22 
1, 3, 41, 23 
1, 3, 41, 24 
1, 3, 41, 25 
1, 3, 41, 26 
1, 3, 41, 27 
1, 3, 41, 28 
1, 3, 42, 1 
1, 3, 42, 2 
1, 3, 42, 3 
1, 3, 42, 4 
1, 3, 42, 5 
1, 3, 42, 6 
1, 3, 42, 7 
1, 3, 42, 8 
1, 3, 42, 9 
1, 3, 42, 10 
1, 3, 42, 11 
1, 3, 42, 12 
1, 3, 42, 13 
1, 3, 42, 14 
1, 3, 42, 15 
1, 3, 42, 16 
1, 3, 42, 17 
1, 3, 42, 18 
1, 3, 42, 19 
1, 3, 42, 20 
1, 3, 42, 21 
1, 3, 42, 22 
1, 3, 42, 23 
1, 3, 42, 24 
1, 3, 42, 25 
1, 3, 42, 26 
1, 3, 42, 27 
1, 3, 42, 28 
1, 3, 43, 1 
1, 3, 43, 2 
1, 3, 43, 3 
1, 3, 43, 4 
1, 3, 43, 5 
1, 3, 43, 6 
1, 3, 43, 7 
1, 3, 43, 8 
1, 3, 43, 9 
1, 3, 43, 10 
1, 3, 43, 11 
1, 3, 43, 12 
1, 3, 43, 13 
1, 3, 43, 14 
1, 3, 43, 15 
1, 3, 43, 16 
1, 3, 43, 17 
1, 3, 43, 18 
1, 3, 43, 19 
1, 3, 43, 20 
1, 3, 43, 21 
1, 3, 43, 22 
1, 3, 43, 23 
1, 3, 43, 24 
1, 3, 43, 25 
1, 3, 43, 26 
1, 3, 43, 27 
1, 3, 43, 28 
1, 3, 44, 1 
1, 3, 44, 2 
1, 3, 44, 3 
1, 3, 44, 4 
1, 3, 44, 5 
1, 3, 44, 6 
1, 3, 44, 7 
1, 3, 44, 8 
1, 3, 44, 9 
1, 3, 44, 10 
1, 3, 44, 11 
1, 3, 44, 12 
1, 3, 44, 13 
1, 3, 44, 14 
1, 3, 44, 15 
1, 3, 44, 16 
1, 3, 44, 17 
1, 3, 44, 18 
1, 3, 44, 19 
1, 3, 44, 20 
1, 3, 44, 21 
1, 3, 44, 22 
1, 3, 44, 23 
1, 3, 44, 24 
1, 3, 44, 25 
1, 3, 44, 26 
1, 3, 44, 27 
1, 3, 44, 28 
1, 3, 45, 1 
1, 3, 45, 2 
1, 3, 45, 3 
1, 3, 45, 4 
1, 3, 45, 5 
1, 3, 45, 6 
1, 3, 45, 7 
1, 3, 45, 8 
1, 3, 45, 9 
1, 3, 45, 10 
1, 3, 45, 11 
1, 3, 45, 12 
1, 3, 45, 13 
1, 3, 45, 14 
1, 3, 45, 15 
1, 3, 45, 16 
1, 3, 45, 17 
1, 3, 45, 18 
1, 3, 45, 19 
1, 3, 45, 20 
1, 3, 45, 21 
1, 3, 45, 22 
1, 3, 45, 23 
1, 3, 45, 24 
1, 3, 45, 25 
1, 3, 45, 26 
1, 3, 45, 27 
1, 3, 45, 28 
1, 3, 46, 1 
1, 3, 46, 2 
1, 3, 46, 3 
1, 3, 46, 4 
1, 3, 46, 5 
1, 3, 46, 6 
1, 3, 46, 7 
1, 3, 46, 8 
1, 3, 46, 9 
1, 3, 46, 10 
1, 3, 46, 11 
1, 3, 46, 12 
1, 3, 46, 13 
1, 3, 46, 14 
1, 3, 46, 15 
1, 3, 46, 16 
1, 3, 46, 17 
1, 3, 46, 18 
1, 3, 46, 19 
1, 3, 46, 20 
1, 3, 46, 21 
1, 3, 46, 22 
1, 3, 46, 23 
1, 3, 46, 24 
1, 3, 46, 25 
1, 3, 46, 26 
1, 3, 46, 27 
1, 3, 46, 28 
1, 3, 47, 1 
1, 3, 47, 2 
1, 3, 47, 3 
1, 3, 47, 4 
1, 3, 47, 5 
1, 3, 47, 6 
1, 3, 47, 7 
1, 3, 47, 8 
1, 3, 47, 9 
1, 3, 47, 10 
1, 3, 47, 11 
1, 3, 47, 12 
1, 3, 47, 13 
1, 3, 47, 14 
1, 3, 47, 15 
1, 3, 47, 16 
1, 3, 47, 17 
1, 3, 47, 18 
1, 3, 47, 19 
1, 3, 47, 20 
1, 3, 47, 21 
1, 3, 47, 22 
1, 3, 47, 23 
1, 3, 47, 24 
1, 3, 47, 25 
1, 3, 47, 26 
1, 3, 47, 27 
1, 3, 47, 28 
1, 3, 48, 1 
1, 3, 48, 2 
1, 3, 48, 3 
1, 3, 48, 4 
1, 3, 48, 5 
1, 3, 48, 6 
1, 3, 48, 7 
1, 3, 48, 8 
1, 3, 48, 9 
1, 3, 48, 10 
1, 3, 48, 11 
1, 3, 48, 12 
1, 3, 48, 13 
1, 3, 48, 14 
1, 3, 48, 15 
1, 3, 48, 16 
1, 3, 48, 17 
1, 3, 48, 18 
1, 3, 48, 19 
1, 3, 48, 20 
1, 3, 48, 21 
1, 3, 48, 22 
1, 3, 48, 23 
1, 3, 48, 24 
1, 3, 48, 25 
1, 3, 48, 26 
1, 3, 48, 27 
1, 3, 48, 28 
1, 3, 49, 1 
1, 3, 49, 2 
1, 3, 49, 3 
1, 3, 49, 4 
1, 3, 49, 5 
1, 3, 49, 6 
1, 3, 49, 7 
1, 3, 49, 8 
1, 3, 49, 9 
1, 3, 49, 10 
1, 3, 49, 11 
1, 3, 49, 12 
1, 3, 49, 13 
1, 3, 49, 14 
1, 3, 49, 15 
1, 3, 49, 16 
1, 3, 49, 17 
1, 3, 49, 18 
1, 3, 49, 19 
1, 3, 49, 20 
1, 3, 49, 21 
1, 3, 49, 22 
1, 3, 49, 23 
1, 3, 49, 24 
1, 3, 49, 25 
1, 3, 49, 26 
1, 3, 49, 27 
1, 3, 49, 28 
1, 3, 50, 1 
1, 3, 50, 2 
1, 3, 50, 3 
1, 3, 50, 4 
1, 3, 50, 5 
1, 3, 50, 6 
1, 3, 50, 7 
1, 3, 50, 8 
1, 3, 50, 9 
1, 3, 50, 10 
1, 3, 50, 11 
1, 3, 50, 12 
1, 3, 50, 13 
1, 3, 50, 14 
1, 3, 50, 15 
1, 3, 50, 16 
1, 3, 50, 17 
1, 3, 50, 18 
1, 3, 50, 19 
1, 3, 50, 20 
1, 3, 50, 21 
1, 3, 50, 22 
1, 3, 50, 23 
1, 3, 50, 24 
1, 3, 50, 25 
1, 3, 50, 26 
1, 3, 50, 27 
1, 3, 50, 28 
